0
0
2360
7416
3908
3965
4024
4060
4268
4963
5283
5375
5116
5295
7216
6888
4668
4325
4222
4158
4050
4031
4238
4007
3425
2864
2576
2419
2530
2417
2414
2449
2430
2334
2329
2579
4236
7419
10495
9644
5423
2365
1446
1670
1916
1990
1580
1433
1922
3472
6147
8289
7921
5292
2576
1173
853
786
819
759
690
762
719
654
666
632
634
612
622
651
741
872
997
1026
1013
893
851
892
862
819
681
527
420
422
352
297
291
277
257
265
246
226
210
192
178
175
180
202
197
278
395
682
939
1178
1179
1115
798
529
353
206
157
137
123
90
107
94
89
112
95
90
102
110
103
95
119
114
115
116
138
152
152
163
160
125
126
96
86
77
74
73
52
63
60
59
55
58
64
70
90
76
108
97
94
88
70
63
64
55
56
51
56
44
56
46
48
45
47
41
64
40
53
51
56
66
70
84
92
90
99
70
65
67
51
70
62
70
51
60
50
61
62
53
64
52
43
72
51
40
36
40
31
31
27
24
32
16
19
19
20
16
19
27
32
45
63
86
115
104
135
141
123
107
75
64
53
42
27
14
12
14
13
14
14
11
5
8
10
5
16
13
7
7
8
10
7
12
6
6
10
8
10
2
3
6
8
188
