0
0
0
0
0
0
0
0
1680
5930
4517
3852
3878
3922
4111
4647
5033
5142
5048
5370
6364
6354
5084
4260
4099
4018
3941
3939
4018
3828
3328
2809
2506
2358
2439
2337
2337
2365
2341
2266
2297
2793
4568
7428
9424
8323
5125
2560
1628
1649
1833
1791
1547
1545
2227
3905
6248
7796
7123
4634
2237
1077
814
765
781
721
685
723
681
641
633
616
605
597
609
657
751
870
957
983
940
863
840
849
824
756
623
486
406
392
328
287
278
263
249
251
233
216
200
184
173
170
179
190
218
296
463
704
951
1104
1120
989
730
492
320
200
152
131
114
89
102
90
88
107
91
89
98
105
99
97
110
112
110
115
131
144
149
153
147
129
115
98
84
76
72
67
56
57
59
58
54
55
60
65
83
76
98
96
92
88
72
62
60
56
53
51
52
48
48
49
44
45
43
43
48
52
43
51
51
57
64
73
83
88
90
83
67
63
58
57
62
63
60
55
54
53
57
58
56
56
50
50
58
51
40
36
35
31
29
27
25
28
18
17
18
18
17
16
23
28
39
55
75
101
103
117
133
126
111
88
67
58
47
35
22
13
11
13
12
13
13
10
4
7
9
6
14
12
7
6
6
8
7
9
7
0
