0
0
2475
7292
3856
3833
4000
4132
4291
4933
5316
5163
5220
5129
7165
6976
4721
4234
4236
4165
4032
4038
4181
3944
3495
2869
2565
2461
2408
2424
2459
2390
2431
2353
2318
2580
4240
7348
10560
9653
5779
2257
1467
1608
1888
1911
1624
1354
1836
3475
6074
8176
8037
5358
2694
1231
833
850
825
717
684
698
675
681
624
624
644
622
658
676
752
868
1040
1132
1015
967
842
905
877
820
632
580
451
430
339
346
277
270
268
234
236
261
205
170
176
165
157
190
195
279
406
628
912
1107
1230
1133
898
587
301
197
144
110
102
106
100
117
96
97
90
104
126
129
104
119
113
109
116
101
135
178
147
172
134
153
127
106
104
79
70
62
62
79
64
69
55
56
76
70
94
96
100
87
82
66
90
64
58
54
56
47
52
51
51
45
48
61
64
57
50
63
50
54
77
76
86
75
75
91
89
82
57
50
61
73
57
57
60
75
48
45
70
58
56
67
65
56
53
51
48
44
42
26
33
21
26
26
21
25
19
16
18
26
28
37
55
72
101
119
101
121
135
110
89
59
46
50
25
17
24
12
13
9
8
6
7
9
11
5
8
6
10
6
6
12
8
10
5
9
12
6
5
9
2
3
3
189
