0
0
0
0
0
0
0
0
1765
5889
4450
3746
3840
3975
4149
4649
5033
5049
5027
5324
6337
6382
5097
4232
4087
4025
3938
3936
3976
3783
3352
2814
2501
2385
2335
2348
2377
2318
2343
2278
2295
2822
4652
7556
9536
8341
5100
2473
1589
1627
1793
1750
1521
1502
2251
4021
6312
7755
7061
4544
2250
1095
809
816
772
686
665
670
655
641
608
610
614
617
639
682
767
900
1027
1038
974
889
851
860
830
727
599
519
429
388
329
314
267
260
249
226
235
234
187
166
166
157
164
182
221
313
473
705
935
1102
1139
1011
766
484
275
179
131
105
100
100
100
108
92
92
90
104
122
119
103
114
109
107
108
107
138
158
153
151
140
137
121
106
94
79
67
62
64
69
65
62
56
57
69
72
88
91
94
85
80
64
85
63
57
53
53
47
49
50
49
45
46
55
60
57
52
54
54
52
65
74
77
77
73
81
87
81
66
53
54
64
62
55
56
64
58
47
55
61
57
59
62
59
55
51
49
45
42
35
30
28
23
24
25
22
22
19
16
17
24
26
35
52
68
95
113
100
114
127
111
91
64
48
46
32
19
20
17
11
10
8
7
5
6
8
9
4
7
5
9
5
6
11
7
8
4
0
