0
0
2584
7080
3660
4097
4034
3928
4372
5018
5360
5299
5134
5141
7209
6904
4758
4272
4426
4063
4074
3995
4217
3753
3460
2701
2473
2383
2446
2414
2516
2431
2441
2387
2329
2504
4145
7264
10471
9811
5688
2327
1512
1622
1965
1994
1670
1362
1987
3580
6032
8153
7927
5385
2659
1236
906
838
818
785
677
702
730
638
679
582
643
637
637
741
723
872
1001
1102
1049
947
942
880
851
753
671
554
454
418
342
311
288
240
244
250
226
233
200
171
168
163
167
164
207
286
426
618
940
1141
1231
1122
857
546
328
204
142
125
111
75
104
100
102
102
119
106
122
121
109
104
101
93
113
113
124
154
164
150
149
126
145
93
119
87
68
75
60
66
66
68
62
60
70
84
73
98
90
95
100
83
64
46
67
60
58
60
49
42
69
49
43
45
40
48
54
46
42
56
76
57
103
92
95
80
96
92
80
55
65
59
76
45
50
64
57
69
58
78
60
64
61
38
59
51
58
31
34
29
28
28
29
22
19
22
19
8
26
25
37
48
66
74
99
121
130
122
117
102
84
50
31
27
25
28
11
12
16
13
7
8
4
5
3
5
8
12
11
7
5
13
9
8
9
7
1
5
7
4
7
4
3
236
