0
0
0
0
0
0
0
0
1829
5712
4278
3891
3908
3825
4140
4700
5074
5116
5008
5273
6285
6392
5152
4294
4166
4023
3919
3911
3957
3676
3309
2693
2407
2310
2360
2332
2420
2356
2350
2305
2286
2690
4343
7126
9311
8594
5503
2736
1657
1632
1837
1839
1594
1508
2177
3758
5969
7686
7321
4940
2430
1161
868
809
786
742
668
680
679
639
624
594
608
617
645
691
744
852
973
1033
995
927
897
851
806
719
635
525
435
396
328
299
274
236
235
236
223
216
192
170
162
159
159
170
210
294
429
635
890
1081
1149
1052
817
540
329
205
142
122
108
74
98
97
97
99
111
105
112
116
108
102
98
94
102
110
120
140
152
149
142
132
127
110
103
94
72
69
62
60
62
63
61
59
63
75
74
84
88
89
93
88
71
53
54
61
57
56
54
45
49
60
46
41
42
39
47
50
44
44
58
66
69
91
91
87
84
88
87
73
60
58
61
62
52
49
56
58
60
61
67
62
59
58
43
50
51
53
37
31
29
28
28
27
24
20
19
19
13
16
24
27
39
52
65
78
101
117
123
116
111
96
77
47
29
26
25
25
12
10
14
13
8
6
5
3
3
3
5
9
11
9
6
7
11
8
7
0
