0
0
2561
7189
3805
4009
4006
3968
4394
4939
5352
5162
5244
5172
7130
6826
4829
4382
4218
4083
3957
4092
4184
3959
3450
2870
2553
2446
2470
2365
2403
2395
2385
2431
2225
2403
4149
7400
10473
9644
5703
2483
1541
1694
1825
1923
1672
1421
1827
3467
6117
8296
8162
5556
2589
1227
855
806
800
759
736
714
719
666
666
608
588
594
610
672
747
888
1046
1052
1018
925
867
892
923
745
695
556
446
393
316
320
280
265
265
257
260
215
198
198
186
171
181
165
173
251
409
599
912
1118
1239
1083
836
538
320
208
161
122
101
97
102
102
102
98
88
116
100
121
109
102
101
125
99
131
121
149
147
182
144
152
136
124
79
83
76
79
56
55
60
77
56
56
56
77
78
84
99
106
98
80
68
53
63
66
48
54
51
50
42
54
58
56
62
42
46
69
62
50
73
44
73
79
91
87
84
77
75
74
63
62
52
54
57
51
61
62
67
54
63
58
68
54
35
39
41
30
39
32
28
26
30
16
19
11
19
21
16
28
40
43
56
72
97
142
127
126
117
105
79
61
52
40
19
10
13
17
21
12
11
9
10
12
15
6
18
9
11
14
10
12
11
13
12
9
10
6
5
5
7
6
3
202
