0
0
0
0
0
0
0
0
1822
5808
4394
3861
3873
3853
4171
4665
5043
5054
5037
5326
6267
6331
5164
4333
4098
3960
3881
3939
3990
3795
3342
2817
2492
2373
2383
2286
2321
2316
2311
2316
2206
2639
4451
7347
9383
8427
5359
2733
1708
1646
1768
1771
1586
1519
2139
3826
6177
7849
7404
4908
2291
1127
819
779
767
730
708
692
681
649
626
589
574
577
606
665
758
891
990
1005
959
887
851
868
843
716
642
516
421
366
305
302
268
256
255
249
240
207
193
188
177
170
169
165
190
279
429
646
894
1084
1134
1001
763
503
308
203
152
118
98
94
98
98
98
95
88
108
100
113
107
100
102
111
107
117
124
136
149
159
151
142
134
115
89
77
75
72
60
54
57
69
59
54
54
69
73
79
90
99
97
83
70
56
57
61
54
49
51
49
45
46
53
56
55
51
43
53
63
56
56
60
52
72
80
87
84
79
75
73
68
62
57
52
52
53
53
56
59
60
57
57
58
60
51
38
36
37
31
35
32
28
26
28
18
16
12
16
18
17
23
33
39
48
62
83
116
128
122
117
108
91
70
56
47
32
16
9
12
16
19
11
10
8
8
10
13
8
15
10
9
12
11
10
11
11
12
0
