0
0
2502
7098
3711
4072
4009
4155
4453
5060
5320
5261
5166
5029
7274
6985
4768
4228
4214
4117
4065
3968
4186
3995
3427
2818
2497
2444
2398
2478
2419
2382
2425
2321
2227
2455
4154
7340
10497
9954
5790
2421
1492
1727
1889
1919
1646
1353
1951
3526
5902
8169
7903
5497
2637
1190
879
814
794
731
704
715
674
669
655
595
591
624
634
674
736
844
945
1105
1038
974
873
908
878
761
668
526
465
397
341
311
291
261
236
233
227
246
189
201
159
189
193
181
209
303
426
585
955
1129
1237
1092
866
560
340
197
132
119
104
111
120
100
88
123
112
92
120
105
102
104
105
95
111
135
137
149
166
157
147
132
122
115
89
93
95
75
62
64
57
54
60
48
49
94
81
94
84
82
91
88
66
59
64
83
57
43
56
46
39
63
49
41
53
54
46
54
43
58
62
63
74
77
91
81
80
76
64
79
65
70
63
76
70
63
54
74
42
70
58
69
66
56
55
49
42
40
33
31
35
19
22
12
27
20
17
15
21
20
28
41
65
55
97
125
137
129
146
103
85
59
58
33
23
30
20
11
7
10
10
5
19
9
7
12
7
11
9
4
4
12
9
11
8
6
9
8
11
4
5
10
9
233
