0
0
0
0
0
0
0
0
1784
5754
4301
3896
3894
3998
4273
4771
5079
5100
5010
5274
6367
6426
5121
4237
4065
4001
3931
3907
3975
3803
3308
2760
2443
2366
2330
2397
2341
2311
2334
2240
2206
2714
4591
7536
9590
8487
5188
2557
1665
1689
1814
1763
1533
1544
2334
4015
6222
7703
7002
4616
2194
1075
835
783
753
701
683
681
652
644
615
579
584
604
628
673
750
847
972
1026
985
907
868
864
807
707
598
490
428
367
321
295
272
245
228
224
224
220
186
179
165
182
182
187
238
335
467
707
961
1120
1126
978
735
481
291
176
128
112
103
108
111
93
93
116
104
95
113
101
98
100
98
95
112
128
134
147
156
150
139
127
118
105
92
89
86
72
62
60
56
54
54
48
55
83
82
88
82
80
87
86
64
58
61
78
59
44
51
46
41
54
51
42
47
51
48
48
47
50
57
61
66
74
81
83
78
75
68
68
69
64
64
67
70
64
57
62
55
55
60
61
63
60
56
52
45
40
36
32
31
29
21
19
17
22
20
17
16
19
20
27
40
61
54
91
118
130
125
138
107
86
62
57
39
26
26
23
14
8
7
9
7
9
14
8
7
10
7
10
7
3
5
11
8
10
7
0
