0
0
0
0
0
0
0
0
1816
5777
4267
3887
3897
3932
4188
4726
5076
5042
4971
5274
6296
6350
5130
4295
4107
3974
3909
3911
3967
3785
3267
2725
2467
2453
2346
2396
2345
2282
2380
2308
2219
2673
4621
7531
9522
8418
5209
2634
1652
1597
1805
1800
1555
1584
2264
3857
6180
7886
7196
4686
2261
1111
863
822
788
732
683
682
688
653
607
585
599
620
644
683
772
897
973
975
934
855
841
872
825
748
601
493
407
400
330
305
295
253
244
228
223
214
192
180
182
183
184
189
219
283
441
683
935
1096
1108
975
735
483
295
186
137
114
102
111
109
103
99
104
94
102
105
98
99
103
108
91
93
121
147
152
147
143
127
117
117
111
96
84
74
72
65
59
51
55
60
61
64
61
68
86
91
96
80
72
75
67
59
56
63
59
48
40
47
46
40
43
45
43
48
52
56
57
52
56
65
76
84
89
82
81
78
70
61
63
63
62
58
56
55
52
58
67
63
53
52
58
59
52
40
30
36
37
30
28
27
22
20
21
15
16
17
17
24
23
42
48
68
105
117
120
119
125
119
94
73
52
37
30
22
20
12
12
11
12
14
9
3
8
10
8
10
10
5
10
8
7
6
7
11
0
