0
0
2550
7125
3647
4083
4015
4072
4369
5033
5357
5158
5137
5096
7201
6838
4802
4289
4306
4025
4067
3990
4178
3972
3365
2767
2522
2548
2418
2478
2426
2345
2478
2400
2258
2377
4309
7505
10568
9760
5560
2439
1541
1560
1866
2037
1564
1470
1979
3436
5955
8404
8027
5388
2611
1209
902
855
826
771
707
699
723
686
637
590
622
627
672
673
763
888
1037
1008
997
907
818
942
856
827
644
541
418
435
349
316
319
262
257
237
230
228
203
181
193
184
200
178
220
255
374
646
919
1159
1185
1080
825
531
322
195
143
120
103
116
113
107
103
109
97
106
111
101
104
104
120
89
89
124
158
162
145
160
125
117
126
116
96
91
69
83
63
64
46
62
64
63
68
62
73
94
97
102
78
73
81
67
59
57
71
59
44
40
56
42
43
49
44
46
54
54
64
52
57
60
78
81
97
85
85
80
84
59
67
64
69
59
57
56
55
50
76
70
54
50
64
62
54
46
24
41
41
29
28
29
21
22
22
15
18
18
18
27
22
51
52
78
122
121
129
121
136
115
84
68
39
37
23
24
13
13
12
13
16
10
4
9
11
9
11
13
5
12
8
7
8
6
15
8
7
9
3
5
8
3
3
212
