0
0
0
0
0
0
0
0
1786
5819
4424
3870
3866
3853
4106
4574
4968
5144
5088
5307
6334
6424
5116
4249
4074
4025
3992
3912
3968
3791
3299
2704
2535
2417
2411
2362
2391
2381
2290
2293
2265
2692
4503
7444
9326
8291
5218
2618
1667
1654
1814
1805
1554
1494
2184
3871
6204
7882
7338
4700
2253
1093
836
814
806
701
665
692
698
652
610
617
611
612
623
675
774
891
994
1024
980
905
860
860
832
714
598
504
423
340
317
304
291
254
214
225
223
215
198
185
174
164
160
179
221
303
460
694
931
1099
1136
1005
765
490
294
175
121
126
117
96
108
99
99
85
102
112
101
117
100
94
106
105
110
124
130
133
149
156
154
141
120
104
91
83
77
67
63
58
61
59
59
60
63
69
61
77
90
106
96
60
64
60
58
53
51
46
42
45
58
55
44
49
49
45
45
40
44
51
56
67
65
80
83
81
87
91
87
72
69
62
55
61
65
57
53
59
65
67
68
67
62
60
55
56
49
37
40
40
30
26
29
20
16
18
19
19
18
17
24
25
36
55
68
81
100
122
116
119
100
82
73
52
43
30
20
13
16
10
10
12
10
10
8
10
9
9
8
3
7
8
12
7
5
8
8
0
