0
0
2508
7217
3838
4010
3995
3971
4299
4842
5227
5382
5235
5108
7210
7044
4637
4343
4162
4157
4178
3944
4198
3961
3424
2710
2626
2489
2496
2442
2473
2470
2356
2386
2303
2468
4105
7534
10342
9509
5661
2351
1524
1680
1871
1999
1636
1351
1866
3463
6063
8327
8210
5369
2593
1192
870
840
857
737
680
713
734
695
613
644
635
619
652
644
791
873
1034
1078
1043
949
881
885
905
767
643
539
462
358
331
316
308
276
219
234
230
227
206
194
179
173
158
176
213
276
411
651
943
1123
1242
1090
867
529
317
187
116
133
126
97
113
103
104
87
105
119
101
128
102
93
115
107
111
131
140
125
167
158
163
152
116
111
90
84
82
65
71
53
68
59
63
61
67
74
61
84
97
114
96
52
73
60
59
53
53
45
42
50
69
46
48
55
45
51
42
41
55
46
76
60
79
90
79
91
87
104
73
73
69
55
56
76
60
52
56
74
67
72
75
60
68
51
63
53
33
45
43
28
25
34
18
16
20
20
18
19
16
28
26
43
63
76
89
113
137
109
135
77
94
55
51
35
25
13
18
11
11
13
11
11
9
11
10
9
8
3
9
10
16
5
7
11
8
9
11
4
10
6
1
6
4
210
