0
0
0
0
0
0
0
0
1860
5909
4435
3823
3885
3902
4180
4568
5093
5151
5035
5294
6237
6339
5123
4249
4110
4048
3956
3975
3987
3791
3310
2738
2464
2415
2444
2374
2309
2331
2366
2251
2249
2690
4418
7220
9226
8369
5362
2670
1645
1640
1804
1769
1543
1507
2228
3826
6080
7726
7332
4831
2238
1135
846
811
776
690
738
707
657
623
634
632
606
601
619
680
787
900
969
997
971
893
877
893
864
757
617
525
464
394
345
296
281
251
226
239
231
201
193
188
185
174
167
169
205
293
445
651
898
1108
1144
1008
790
516
311
179
133
115
98
104
103
105
93
87
98
106
89
88
106
97
98
108
103
114
128
146
161
164
156
141
125
106
91
79
76
77
71
55
53
57
57
53
66
61
68
70
76
88
82
73
69
75
64
63
68
60
61
58
43
42
49
45
44
51
51
46
42
43
52
58
73
77
81
91
92
84
78
71
64
59
60
58
54
58
64
67
64
62
62
59
56
55
50
48
46
37
33
29
32
28
26
20
24
25
20
16
22
24
25
26
40
57
68
86
103
115
119
115
107
94
74
53
40
28
25
15
14
12
15
14
6
6
7
7
6
7
5
5
10
10
9
8
8
11
12
0
