0
0
2614
7312
3825
3953
4039
4025
4399
4767
5494
5276
5179
5176
7033
6934
4730
4254
4266
4204
4028
4133
4162
3968
3418
2771
2525
2494
2532
2456
2386
2408
2472
2315
2290
2478
4133
7261
10299
9523
5823
2328
1507
1631
1935
1893
1650
1326
1994
3491
6020
8148
8098
5460
2523
1230
881
841
826
696
775
741
690
633
655
672
622
616
633
665
792
913
1019
1018
1061
909
897
930
921
818
657
556
494
417
367
308
296
266
230
250
252
203
202
192
202
175
179
162
195
267
417
631
879
1172
1248
1067
884
542
334
178
137
120
100
109
107
109
97
90
102
114
90
86
118
95
99
121
97
124
131
153
174
170
163
143
131
105
93
77
82
78
76
49
58
60
58
53
74
61
75
72
82
96
80
73
70
82
59
71
72
54
75
50
38
52
49
41
53
55
48
46
39
54
53
74
80
80
92
103
85
85
74
70
60
58
70
47
63
66
74
63
68
63
63
54
62
49
51
48
36
34
29
36
27
28
18
28
24
19
15
26
25
28
29
50
66
77
101
114
126
120
116
103
88
58
47
29
28
16
15
13
16
16
7
7
9
7
8
7
5
7
13
10
9
8
11
13
13
11
6
8
7
2
2
8
4
181
