0
0
0
0
0
0
0
0
1776
5874
4326
3787
3865
3951
4173
4684
5030
5089
5022
5324
6334
6339
5085
4269
4112
3976
3866
3854
3953
3882
3358
2739
2554
2342
2327
2393
2394
2404
2419
2302
2225
2651
4436
7308
9306
8374
5358
2703
1668
1647
1840
1805
1529
1474
2167
3867
6181
7725
7213
4807
2295
1094
843
819
760
685
705
700
696
672
640
605
622
622
623
656
744
886
999
1029
978
901
884
891
861
755
617
468
438
393
346
296
279
237
228
227
199
203
212
196
176
146
151
171
206
294
437
641
893
1090
1139
1023
783
512
303
191
132
111
100
100
98
122
91
101
108
92
117
125
111
101
99
101
109
117
128
146
160
160
158
146
126
108
93
80
68
65
66
58
52
55
63
66
67
73
71
71
89
79
62
63
61
60
58
49
50
53
50
49
53
53
48
48
49
49
46
40
49
53
58
63
55
70
82
87
89
92
78
75
60
48
58
64
63
64
67
69
65
63
64
60
58
55
49
46
41
39
32
29
28
25
27
24
23
22
22
21
20
17
27
30
31
45
79
99
124
134
128
114
97
88
71
53
43
34
31
20
20
21
9
7
13
15
10
7
8
8
8
11
12
11
6
8
8
7
6
0
