0
0
2495
7297
3682
3943
4014
4102
4344
4992
5285
5274
5153
5179
7249
6814
4720
4281
4310
4057
3989
3940
4133
4112
3466
2744
2655
2405
2406
2475
2477
2484
2521
2385
2256
2418
4115
7320
10381
9539
5834
2426
1530
1625
1941
2002
1589
1344
1848
3483
6115
8171
7974
5477
2626
1187
874
856
805
703
733
722
733
689
692
599
651
649
631
663
722
877
1050
1073
1058
918
909
924
926
808
685
487
463
416
370
309
299
248
234
246
203
203
232
197
202
142
148
178
192
263
415
596
879
1144
1219
1123
866
561
316
204
136
115
103
105
99
130
95
105
115
91
122
134
114
103
103
103
115
121
133
149
178
155
173
149
128
110
94
82
66
70
71
56
53
58
69
69
71
78
72
76
99
77
61
69
60
65
57
47
56
54
49
53
58
50
49
52
49
55
36
49
56
51
75
51
67
81
94
83
107
80
77
77
40
58
71
64
66
71
73
69
62
73
59
65
57
49
49
41
44
31
29
32
25
29
24
23
22
21
20
19
16
33
32
35
54
97
108
143
138
128
108
94
86
58
50
36
37
21
20
26
10
8
14
16
11
8
10
8
10
13
13
14
4
11
8
9
5
10
4
7
11
9
6
5
5
207
