0
0
2450
7282
3784
3990
4030
4021
4353
5043
5328
5369
5151
5137
7093
6741
4740
4196
4316
4227
4039
3865
4086
3967
3387
2741
2543
2523
2504
2454
2356
2397
2430
2415
2295
2529
4171
7402
10364
9709
5741
2382
1536
1679
1903
1954
1626
1385
2008
3395
5956
8299
8007
5517
2601
1250
898
819
798
762
730
713
734
695
663
630
616
606
608
695
767
915
1020
1069
1032
920
867
911
900
813
722
528
481
400
340
332
282
254
269
211
248
197
188
167
167
174
160
181
208
267
432
614
961
1108
1228
1084
855
497
318
168
154
120
103
97
111
108
94
106
114
108
113
102
111
87
132
94
105
117
115
157
162
168
141
137
123
125
100
73
76
68
75
64
61
60
68
62
69
73
92
82
90
82
82
90
58
69
59
61
70
49
52
58
38
60
48
48
56
61
54
35
55
28
62
64
89
83
83
93
100
73
82
75
60
54
67
60
58
51
58
56
66
64
68
65
65
51
51
51
44
41
24
31
26
24
17
26
18
20
23
15
18
26
33
37
70
97
92
125
123
139
131
129
97
63
43
39
19
26
10
11
16
18
7
16
12
7
11
8
9
8
9
10
10
13
8
10
8
14
11
4
4
8
5
4
4
205
