0
0
0
0
0
0
0
0
1745
5870
4402
3846
3889
3899
4166
4726
5083
5156
5043
5282
6237
6259
5054
4233
4125
4076
3920
3819
3888
3769
3275
2711
2478
2442
2421
2372
2281
2319
2347
2320
2274
2748
4539
7410
9382
8401
5268
2636
1676
1667
1818
1782
1549
1555
2263
3837
6151
7812
7198
4780
2256
1141
855
789
766
731
703
695
698
666
634
608
594
588
619
687
787
905
990
1014
963
883
859
874
845
764
647
501
445
373
326
309
266
248
246
212
225
190
176
163
163
163
163
181
217
308
460
693
934
1093
1124
992
740
466
282
172
142
115
99
96
107
103
91
102
110
104
107
100
102
95
114
98
101
110
121
144
156
155
142
130
122
115
97
77
71
69
68
64
60
59
63
61
64
70
86
82
85
81
80
84
62
63
59
58
64
54
48
52
45
47
51
46
50
56
55
45
41
43
42
61
72
84
80
83
92
85
74
76
66
56
57
60
58
54
52
54
57
60
62
63
63
59
52
49
48
43
36
27
27
26
23
18
23
19
18
21
16
15
23
29
33
59
87
89
110
118
128
129
125
106
76
52
40
29
20
20
9
11
15
14
8
15
11
6
10
7
8
8
7
8
9
11
8
8
8
0
