0
0
2453
7336
3949
4034
4125
4026
4320
4910
5293
5223
5021
5141
7000
6739
4860
4385
4348
4117
4156
3927
4263
3973
3467
2767
2631
2481
2489
2377
2495
2433
2396
2414
2234
2491
4203
7157
10213
9756
5602
2377
1530
1644
1952
1923
1612
1432
1930
3462
6003
8218
8142
5170
2545
1245
916
910
827
751
714
711
703
707
652
631
606
568
671
658
762
909
1001
1114
1039
957
903
887
904
804
679
540
485
397
383
325
278
267
257
243
199
229
190
195
203
173
176
192
199
279
435
635
943
1166
1197
1049
825
593
371
195
139
126
107
104
122
101
109
96
102
87
113
120
120
106
100
97
115
119
153
173
141
150
138
131
127
106
114
94
73
76
81
84
56
57
72
50
66
61
100
74
89
80
91
84
75
77
58
51
85
64
45
48
54
52
47
42
55
54
38
33
57
60
74
48
67
86
85
99
85
80
83
56
65
59
64
61
49
71
58
55
68
52
71
61
59
45
53
36
51
37
29
28
23
25
22
27
25
29
15
25
20
26
38
45
57
71
97
123
135
117
113
109
77
56
47
41
19
22
18
12
12
11
15
9
6
10
14
6
5
6
12
15
7
12
12
4
3
1
5
3
7
7
3
3
5
190
