0
0
0
0
0
0
0
0
1746
5892
4530
3911
3968
3921
4133
4624
5007
5046
4930
5224
6178
6257
5155
4367
4172
4048
3968
3908
4005
3820
3341
2752
2545
2410
2401
2298
2407
2353
2321
2306
2226
2709
4452
7169
9236
8404
5280
2646
1668
1658
1824
1775
1557
1546
2208
3816
6101
7785
7293
4577
2250
1150
885
866
786
721
691
686
680
667
631
606
577
587
629
673
772
890
994
1037
987
918
874
864
846
750
628
511
452
380
359
305
267
257
246
226
202
209
189
189
187
173
174
184
216
307
460
681
934
1102
1108
971
763
544
340
193
136
120
104
103
116
97
105
92
96
87
107
115
114
104
97
97
107
120
144
155
146
140
135
128
120
110
105
93
76
72
76
77
61
55
65
53
60
60
87
77
82
80
84
84
76
73
62
52
68
69
52
44
48
52
48
44
46
52
45
35
41
56
61
61
53
71
83
87
90
82
78
69
59
59
58
59
56
56
60
58
56
58
58
62
60
54
47
45
40
43
37
30
28
23
23
22
25
26
26
18
21
21
22
32
40
50
62
83
107
123
121
111
108
91
66
51
43
32
18
21
16
11
11
10
14
8
5
8
12
6
5
4
9
13
9
9
10
6
3
0
