0
0
0
0
0
0
0
0
1752
5806
4436
3874
3869
3925
4222
4679
5068
5101
5003
5304
6306
6378
5106
4176
4078
4060
3932
3907
3923
3787
3307
2730
2539
2365
2352
2317
2400
2261
2332
2260
2210
2717
4538
7450
9434
8470
5301
2610
1615
1612
1790
1769
1552
1529
2213
3874
6187
7877
7306
4693
2215
1101
855
796
764
708
651
682
675
650
603
601
615
625
645
693
776
881
977
1015
973
906
893
898
854
743
640
526
428
355
324
331
269
246
259
225
206
190
194
182
184
174
165
185
221
285
429
648
890
1087
1144
1010
738
484
316
196
132
109
107
108
86
90
105
102
106
105
111
111
111
113
103
103
111
116
133
146
148
159
151
130
120
106
97
88
70
61
57
52
50
57
60
58
61
77
71
82
84
79
95
82
64
60
58
62
59
47
50
49
51
57
51
47
47
50
50
45
42
45
50
60
75
79
87
94
91
82
72
68
60
60
61
57
53
59
62
60
59
58
56
50
47
47
48
43
37
38
38
32
33
36
29
17
19
21
18
17
15
18
25
27
30
57
83
87
89
129
125
109
92
83
78
58
42
32
22
23
21
18
12
10
16
12
14
15
9
5
10
3
11
10
9
11
9
13
12
0
