0
0
2460
7213
3854
4009
3998
4067
4429
4938
5371
5256
5124
5183
7136
6941
4780
4067
4295
4219
4004
4042
4080
3989
3425
2745
2634
2431
2435
2395
2491
2320
2428
2348
2218
2502
4164
7493
10408
9793
5755
2347
1467
1603
1890
1929
1626
1402
1897
3466
6019
8335
8173
5385
2549
1197
896
827
801
750
660
712
697
693
619
608
644
630
672
676
790
867
1014
1058
1051
925
920
933
924
791
692
570
464
378
330
360
287
250
278
235
220
191
208
186
193
189
160
182
220
262
372
618
864
1125
1233
1132
822
513
350
209
138
111
111
118
89
93
109
106
110
108
116
114
114
122
105
103
120
114
136
164
136
180
161
122
138
99
105
93
67
61
60
52
50
63
64
59
65
83
72
88
87
80
105
79
63
64
58
68
58
44
58
45
61
56
49
48
52
54
49
44
45
51
51
76
82
83
100
95
96
73
79
60
66
58
70
46
63
66
62
60
60
62
50
48
50
52
47
35
41
42
31
37
40
29
16
21
23
18
18
14
21
28
30
34
69
94
89
97
155
115
110
85
87
73
45
41
23
24
22
20
13
10
17
13
15
16
10
5
13
2
13
10
9
13
9
16
11
10
5
4
3
7
6
1
6
212
