0
0
0
0
0
0
0
0
1858
5767
4382
3871
3872
3868
4194
4704
5072
5097
5040
5287
6290
6371
5172
4317
4123
4017
3944
3894
3949
3786
3295
2781
2469
2461
2392
2340
2332
2315
2291
2305
2254
2676
4482
7403
9332
8396
5282
2657
1656
1628
1780
1738
1519
1485
2205
3915
6178
7788
7301
4769
2323
1131
823
787
768
708
698
648
651
654
627
621
603
609
640
686
774
886
976
1005
959
888
854
854
824
724
609
514
411
386
348
292
258
261
241
235
226
221
205
197
188
179
173
188
218
285
440
658
907
1105
1136
1002
765
495
288
194
137
107
96
110
103
103
99
96
96
88
89
98
104
100
104
94
104
120
129
137
144
148
148
134
119
98
80
73
72
70
68
62
58
59
67
62
55
78
85
80
79
66
77
78
69
65
59
56
51
53
52
44
47
44
42
50
59
66
56
58
54
52
63
74
75
81
85
84
89
74
70
72
59
57
59
61
60
57
57
58
63
68
62
62
61
57
54
45
40
33
33
31
24
31
30
21
31
28
18
16
27
31
28
32
33
54
70
91
100
116
121
115
109
89
69
57
43
31
24
17
10
18
16
16
9
11
8
7
7
8
10
11
10
12
7
6
4
8
12
0
