0
0
2609
7113
3809
4020
4001
3987
4415
4984
5363
5228
5241
5064
7221
6834
4886
4279
4324
4077
4124
3943
4165
3967
3389
2841
2515
2554
2472
2420
2410
2395
2362
2405
2287
2453
4085
7521
10248
9740
5659
2439
1502
1625
1889
1882
1603
1349
1860
3555
6056
8216
8129
5442
2664
1240
858
815
809
731
740
666
666
695
640
654
622
614
659
690
758
900
1000
1064
1020
926
873
887
881
784
648
564
429
407
374
313
266
275
250
246
233
236
210
207
194
190
172
186
218
254
385
640
868
1168
1226
1097
853
554
294
209
145
111
95
116
107
107
103
100
100
91
93
102
111
100
116
91
108
127
135
141
155
148
168
127
134
92
82
73
78
70
76
60
60
62
74
61
55
86
90
81
81
65
84
80
68
68
58
58
50
59
49
43
56
35
54
46
79
57
61
59
50
58
77
77
79
92
82
96
85
62
87
61
56
64
59
69
54
61
64
53
84
58
67
66
56
63
42
45
32
36
35
21
36
31
19
36
27
16
18
31
35
26
37
33
66
77
105
104
132
121
116
109
76
66
50
36
27
21
9
19
17
18
10
12
9
8
8
10
12
12
10
15
6
8
3
11
14
6
6
4
7
8
18
5
6
211
