0
0
0
0
0
0
0
0
1791
5909
4377
3743
3819
3942
4228
4735
4985
5031
5055
5378
6330
6323
5138
4323
4123
4073
3956
3895
3925
3764
3299
2733
2526
2455
2295
2345
2394
2297
2276
2311
2260
2776
4620
7501
9471
8335
5134
2511
1601
1645
1806
1752
1542
1574
2325
4003
6251
7816
7074
4639
2206
1139
853
810
740
709
707
666
643
639
581
550
563
596
640
689
776
918
1036
1045
968
896
888
902
839
718
603
510
433
410
321
290
288
265
271
253
226
210
196
180
170
160
156
168
210
302
455
680
922
1097
1118
985
743
468
280
190
126
96
95
100
95
103
94
104
109
101
107
102
96
114
109
105
111
127
126
138
158
165
155
134
119
107
92
81
77
73
66
66
68
62
59
58
63
71
83
99
85
79
75
88
68
63
56
48
59
55
63
48
52
48
40
39
49
49
42
44
47
51
54
57
63
71
89
91
75
69
63
70
69
52
50
60
63
60
54
49
53
55
52
48
54
56
47
45
45
38
35
31
25
21
23
25
23
25
23
23
18
20
20
32
30
46
69
92
133
125
115
116
111
87
73
54
37
30
22
15
16
19
13
11
16
11
13
7
13
11
13
8
12
5
6
10
10
9
8
0
