0
0
2513
7311
3753
3860
3969
4093
4413
5041
5189
5194
5234
5233
7164
6808
4822
4384
4181
4288
4030
3993
4110
3948
3434
2756
2598
2551
2361
2421
2478
2373
2341
2414
2274
2529
4236
7354
10479
9654
5722
2327
1428
1659
1897
1921
1603
1434
1946
3544
5946
8325
7951
5472
2595
1265
890
855
775
731
742
699
655
684
612
562
567
611
639
704
742
899
1062
1130
1027
936
886
956
909
786
647
565
444
459
346
299
307
272
283
271
239
221
208
189
178
169
156
171
184
270
396
613
891
1119
1220
1086
873
544
295
218
138
97
97
108
97
109
96
107
115
105
111
108
93
121
113
108
107
138
129
135
168
173
169
136
124
112
96
80
80
78
64
70
75
60
64
57
67
74
86
107
85
81
77
93
68
65
57
48
64
55
72
41
60
45
40
38
62
45
43
49
48
58
52
66
65
76
112
78
77
67
61
85
59
47
58
69
62
65
48
54
60
54
51
47
68
47
42
53
39
36
37
25
20
25
28
22
27
23
26
18
22
19
35
30
50
75
100
145
126
117
121
113
80
73
47
34
30
17
14
21
18
8
19
11
16
7
14
11
16
7
14
6
7
11
12
9
8
13
3
11
5
5
8
3
7
200
