0
0
2394
7208
3822
3825
4002
4042
4429
4954
5293
5366
5135
5130
7283
7044
4705
4256
4146
4147
3883
4070
4166
3939
3445
2830
2626
2533
2391
2448
2431
2328
2341
2386
2307
2431
4303
7379
10416
9722
5726
2337
1502
1633
1959
1959
1686
1405
1906
3339
5947
8267
8130
5387
2633
1194
911
868
870
753
703
713
706
691
636
622
594
656
587
715
756
941
1061
1070
1016
945
872
899
877
785
651
551
472
383
391
327
259
251
231
231
245
208
191
205
217
162
164
165
208
260
388
662
915
1148
1240
1072
815
564
341
188
160
98
110
114
96
110
97
98
93
100
97
107
105
122
89
106
112
127
152
162
149
164
143
140
109
127
94
74
75
58
70
73
58
58
49
52
59
68
87
81
89
98
80
71
53
69
75
56
56
43
60
42
55
65
50
52
49
53
47
59
57
60
59
71
77
77
91
93
95
73
63
64
81
72
71
57
53
66
46
74
65
64
61
62
68
63
50
49
47
39
37
30
28
26
23
27
30
27
23
19
15
27
36
58
58
84
89
127
145
125
119
113
89
54
55
37
25
13
19
18
11
12
11
8
10
5
10
6
8
10
11
6
11
5
11
12
5
7
5
6
6
8
9
4
8
212
