0
0
0
0
0
0
0
0
1705
5784
4408
3726
3831
3905
4213
4680
5033
5140
5032
5297
6370
6463
5142
4220
4039
3960
3853
3907
3970
3777
3329
2796
2552
2448
2317
2367
2347
2257
2266
2291
2261
2699
4546
7355
9367
8462
5339
2648
1644
1648
1836
1817
1594
1535
2154
3724
6058
7811
7339
4772
2317
1108
874
839
821
720
683
687
680
655
618
595
597
602
620
686
787
924
1011
1015
967
899
858
860
824
730
611
517
439
371
366
304
249
239
224
225
226
200
189
199
192
165
157
172
210
283
442
676
916
1101
1136
988
754
520
318
191
145
100
105
107
93
106
93
93
90
95
95
101
104
109
94
99
109
123
142
151
149
150
143
130
117
112
97
77
70
62
64
67
60
56
50
49
55
62
79
80
83
91
82
72
57
61
70
60
54
47
50
49
47
57
56
48
49
48
50
49
57
55
58
61
70
74
79
87
88
83
68
62
67
73
71
64
56
55
55
56
63
64
61
59
60
63
59
51
48
45
39
35
31
28
26
23
24
27
28
24
20
16
22
30
47
55
70
83
106
130
130
118
113
99
73
52
47
32
21
13
18
16
10
11
10
7
8
5
8
6
6
8
9
7
8
6
7
10
7
0
