0
0
0
0
0
0
0
0
1815
5824
4340
3811
3799
3944
4255
4737
5069
5088
4966
5246
6303
6392
5130
4249
4070
4035
3947
3868
3871
3793
3375
2822
2519
2394
2380
2385
2402
2336
2307
2317
2235
2713
4531
7471
9415
8348
5180
2592
1656
1642
1780
1748
1537
1515
2253
3993
6285
7821
7055
4565
2190
1054
846
810
782
710
703
715
690
681
656
610
587
588
616
674
783
909
1032
1080
1011
905
867
898
866
749
621
500
436
355
317
300
250
262
245
239
223
201
186
188
173
159
167
181
219
309
455
667
926
1091
1086
946
712
469
293
191
147
111
104
101
104
115
91
87
100
107
95
101
112
99
107
95
103
117
143
160
155
157
158
136
117
109
97
81
73
68
61
59
62
64
62
59
62
69
80
94
92
88
83
76
74
51
58
59
55
53
50
45
40
46
60
59
54
49
50
55
50
50
55
62
69
77
89
92
76
78
87
73
69
61
56
64
64
64
64
59
55
55
54
60
64
63
56
45
42
45
43
32
26
26
27
24
23
19
18
18
17
21
22
28
40
41
72
98
117
134
118
97
99
98
80
59
41
29
21
17
17
13
9
6
9
11
10
12
6
10
7
5
5
10
6
7
6
6
7
0
