0
0
2547
7184
3741
3952
3919
4111
4450
5014
5328
5260
5077
5078
7146
6990
4741
4289
4153
4221
4051
3970
4007
4004
3507
2871
2588
2464
2458
2464
2485
2415
2375
2426
2248
2487
4092
7416
10347
9709
5712
2425
1506
1658
1855
1905
1632
1379
1850
3535
6023
8323
7960
5341
2593
1151
883
840
830
737
720
749
713
706
696
638
603
602
617
672
751
918
1019
1164
1087
962
863
925
947
809
692
532
481
382
329
333
254
277
254
251
236
216
190
198
190
157
173
179
204
271
411
599
879
1155
1172
1051
827
521
336
195
167
113
107
104
103
125
95
87
103
113
99
102
121
97
117
94
107
116
143
176
157
157
179
139
118
113
105
80
74
72
61
63
65
70
62
59
65
73
84
100
95
90
84
77
75
50
62
60
56
54
51
45
40
50
71
55
60
41
61
54
49
55
60
69
74
83
103
89
67
97
84
68
76
50
68
67
65
69
65
54
60
54
58
72
63
67
44
43
46
52
31
26
28
29
24
25
19
18
20
17
23
24
30
44
45
80
106
125
144
115
96
106
99
74
56
33
27
17
20
14
12
7
9
12
10
16
7
11
8
6
6
11
7
9
6
8
9
4
10
7
6
5
5
6
4
212
