0
0
2477
7240
3767
4027
3914
4066
4396
4947
5280
5344
5120
5069
7353
6976
4718
4242
4206
4204
4089
3993
4157
3933
3360
2778
2567
2522
2414
2525
2432
2369
2379
2406
2226
2490
4269
7267
10448
9913
5722
2476
1512
1665
1867
1934
1708
1411
1985
3476
5898
8239
8154
5312
2690
1213
902
870
808
715
708
694
705
656
660
580
630
613
578
704
738
883
1027
1017
1087
956
867
895
917
796
661
488
450
407
389
319
245
231
218
250
206
218
198
163
200
166
163
159
189
262
400
586
915
1137
1249
1132
808
538
371
200
134
110
111
107
104
103
95
100
108
95
120
109
108
121
111
110
103
121
141
141
166
158
153
123
130
106
109
98
70
75
63
57
58
67
71
75
56
63
73
79
74
88
98
61
68
59
51
57
61
58
53
53
54
56
42
48
68
49
42
58
51
49
55
68
71
78
92
95
89
71
82
69
73
62
63
67
59
63
66
55
52
53
51
54
45
44
49
51
39
43
21
35
30
34
25
33
17
25
18
19
22
19
33
47
54
81
105
119
151
117
127
103
76
58
38
25
30
18
11
12
10
12
10
8
12
11
13
10
15
8
8
5
11
7
10
4
5
5
11
3
5
5
2
5
2
216
