0
0
0
0
0
0
0
0
1755
5823
4385
3867
3806
3902
4195
4664
5019
5120
5008
5267
6368
6454
5132
4230
4076
4044
3965
3910
3949
3761
3267
2740
2499
2435
2339
2440
2351
2294
2300
2296
2219
2712
4490
7261
9399
8580
5443
2740
1686
1638
1786
1795
1606
1558
2221
3770
6002
7791
7369
4760
2381
1126
868
832
766
693
682
673
668
641
614
585
596
584
605
672
756
879
968
1006
1001
913
855
867
855
744
607
466
427
390
364
296
234
221
217
230
204
204
185
171
179
165
157
163
199
282
419
634
895
1094
1157
1027
759
515
341
197
131
108
106
104
100
99
91
95
102
95
112
107
106
113
110
106
104
115
130
140
151
154
143
128
119
109
102
93
76
69
63
57
55
61
67
71
59
58
66
74
73
81
90
69
63
59
52
52
57
58
54
51
51
52
48
43
53
57
46
46
54
49
48
57
66
70
79
88
89
81
73
74
69
66
61
60
61
59
59
60
55
51
50
51
50
46
43
45
47
40
38
25
30
30
31
27
29
20
21
20
18
19
20
26
39
48
66
89
107
129
131
116
114
90
68
50
33
25
27
16
10
11
9
11
9
8
10
11
11
10
13
9
7
5
8
8
7
6
3
0
