0
0
0
0
0
0
0
0
1759
5833
4259
3877
3837
3957
4107
4649
5078
5091
4960
5255
6262
6356
5149
4281
4117
3998
3878
3912
3983
3786
3244
2750
2493
2420
2375
2498
2359
2311
2354
2327
2262
2713
4559
7482
9428
8391
5222
2577
1628
1662
1853
1808
1530
1501
2236
3927
6214
7829
7146
4696
2254
1085
867
838
763
717
665
676
670
640
612
597
609
612
633
685
752
876
987
1013
955
872
868
888
826
742
634
503
429
404
336
283
257
254
246
220
200
191
182
177
177
182
172
175
212
304
462
675
915
1113
1170
1024
748
506
326
190
127
117
113
102
90
95
103
97
110
104
96
108
106
126
127
120
118
130
139
145
152
149
143
129
115
104
96
89
78
70
63
69
66
62
67
60
53
57
68
86
89
85
76
68
63
58
73
59
56
45
49
58
59
53
51
48
44
44
46
47
45
47
45
55
64
69
88
98
96
82
72
70
69
67
59
61
63
57
51
50
52
56
59
57
55
50
48
44
35
35
39
42
38
32
29
23
24
19
22
16
14
21
24
28
39
57
76
97
107
117
132
127
124
108
74
53
41
29
23
19
15
13
11
13
12
9
8
8
15
9
9
8
8
10
8
11
7
7
7
0
