0
0
2469
7225
3607
4079
3936
4130
4235
4961
5375
5250
5057
5140
7065
6931
4806
4259
4307
4113
3950
4036
4183
3984
3325
2807
2556
2501
2445
2587
2439
2381
2437
2424
2292
2468
4165
7484
10397
9720
5716
2351
1454
1678
1926
2024
1591
1354
1887
3513
5984
8330
7980
5436
2637
1179
900
885
797
757
684
699
704
665
644
603
636
631
635
689
757
834
1043
1054
1039
900
863
952
877
793
699
547
446
437
364
301
266
263
261
234
208
200
188
187
174
201
172
180
187
279
406
640
875
1147
1254
1170
828
552
375
204
128
120
118
108
94
98
108
99
114
109
97
114
104
135
133
124
117
137
146
145
167
149
155
133
118
108
97
96
76
76
56
79
66
61
75
59
54
61
72
92
95
86
77
69
64
58
81
56
60
41
55
63
60
51
56
46
47
44
54
43
52
44
48
68
62
83
101
104
93
75
78
66
79
58
61
69
63
51
50
57
54
65
57
60
51
49
52
32
38
40
47
39
32
30
21
27
18
24
15
16
24
27
32
44
63
84
107
114
125
143
126
131
100
60
50
36
25
22
16
15
12
14
14
10
9
7
16
10
10
9
8
12
8
13
7
9
7
8
9
6
5
5
3
2
4
198
