0
0
2509
7155
3734
4064
3945
4010
4405
4925
5343
5315
5181
5155
7228
6897
4810
4283
4234
4109
4047
4045
4045
4034
3515
2726
2562
2450
2402
2360
2430
2379
2383
2364
2306
2441
4104
7369
10471
9640
5791
2432
1490
1596
1974
2007
1656
1392
1939
3415
6104
8073
8128
5368
2730
1263
930
832
858
755
669
737
727
668
641
608
613
609
643
673
725
874
1085
1047
1008
958
906
869
882
768
658
534
458
370
373
338
307
244
242
222
231
223
233
175
167
192
152
164
209
296
416
579
897
1164
1242
1142
884
595
314
207
140
131
97
94
100
105
86
84
104
100
108
93
111
126
108
104
100
144
145
159
197
142
157
135
151
116
91
97
66
61
49
79
53
65
61
42
76
75
87
85
92
78
68
75
63
70
46
55
50
48
44
57
62
37
54
45
55
44
41
61
38
62
60
68
70
81
112
85
85
93
66
64
55
61
68
67
65
75
60
65
61
58
60
42
63
53
52
39
38
41
31
38
27
30
25
16
18
22
23
22
22
35
29
58
64
68
73
111
120
137
145
109
78
74
59
29
26
19
11
7
14
8
15
6
14
5
9
8
7
4
7
5
11
7
5
5
8
3
11
3
2
4
5
9
6
215
