0
0
0
0
0
0
0
0
1788
5791
4338
3891
3841
3874
4193
4666
5056
5135
5048
5325
6343
6386
5145
4281
4086
3997
3932
3915
3913
3822
3367
2718
2483
2375
2324
2285
2348
2304
2303
2281
2261
2683
4492
7425
9430
8382
5270
2640
1634
1643
1857
1827
1573
1545
2242
3910
6210
7703
7223
4667
2342
1154
881
809
808
712
663
709
688
642
613
594
592
601
628
666
750
907
1010
1003
962
914
869
848
815
714
604
497
420
358
352
319
282
236
229
216
221
218
207
171
170
169
154
172
228
318
446
656
924
1119
1157
1029
788
516
298
190
138
120
95
92
96
99
83
83
100
96
101
92
108
116
106
100
107
131
142
160
169
152
144
139
134
114
95
85
70
58
55
65
59
59
58
48
67
73
82
83
87
77
67
70
63
65
49
50
50
47
44
51
57
46
44
48
47
48
42
47
50
48
59
61
66
74
91
96
82
85
78
64
58
56
61
64
64
66
65
61
60
59
58
51
50
54
53
47
40
37
37
33
32
28
27
24
17
16
20
21
22
21
31
30
50
59
63
67
97
112
126
137
119
88
73
62
42
27
22
15
9
8
12
8
12
6
11
4
8
7
6
3
5
5
9
7
5
4
6
0
