0
0
2495
7198
3885
3975
4011
3974
4341
4977
5362
5260
5081
5068
7163
6961
4750
4331
4323
4212
3943
4019
4132
4067
3427
2809
2545
2536
2485
2512
2420
2379
2440
2352
2283
2509
4135
7274
10477
9658
5704
2509
1395
1608
1946
1932
1648
1388
1980
3512
6063
8211
8157
5377
2615
1218
899
889
789
774
692
712
669
704
621
612
588
631
600
687
725
806
1070
1117
1001
927
898
933
852
784
638
533
427
416
362
337
274
246
242
204
219
200
206
202
199
201
184
197
201
264
400
648
938
1128
1284
1106
857
519
310
195
155
130
105
86
103
96
100
106
101
116
112
117
123
102
122
94
113
111
134
146
141
156
157
131
123
95
96
94
71
56
60
54
66
50
57
62
70
60
85
86
107
84
91
72
86
70
71
52
43
55
56
45
50
49
59
42
54
45
57
57
57
46
53
54
71
85
77
97
90
63
61
65
53
70
52
62
48
57
69
60
62
59
66
56
55
60
44
44
41
49
32
33
24
20
29
21
21
21
17
19
22
20
41
42
47
75
102
102
148
125
126
90
83
54
50
25
20
15
18
9
15
11
6
10
8
5
9
13
14
7
9
9
11
4
8
10
4
6
5
11
9
7
6
6
4
224
