0
0
0
0
0
0
0
0
1768
5797
4463
3852
3868
3856
4136
4675
5067
5092
4963
5226
6270
6397
5159
4304
4161
4051
3892
3886
3960
3851
3337
2769
2487
2449
2404
2428
2341
2306
2343
2273
2254
2707
4419
7257
9351
8447
5389
2715
1619
1610
1816
1790
1566
1536
2229
3839
6116
7784
7373
4791
2316
1129
868
844
760
734
677
677
659
654
608
586
585
594
613
663
721
855
1011
1036
959
896
881
876
812
727
598
495
411
393
346
314
260
237
227
202
206
196
198
195
193
189
183
188
213
286
440
673
915
1104
1166
1029
777
495
298
192
149
123
101
85
99
92
96
101
99
110
109
112
114
105
109
99
103
111
125
136
140
146
146
132
116
100
91
88
73
58
56
55
59
52
53
58
64
60
75
81
97
88
86
75
77
73
67
58
45
47
53
49
45
48
50
51
44
49
47
55
55
51
46
51
57
73
79
81
90
78
63
59
58
58
59
56
54
52
56
61
60
58
58
59
56
54
54
46
42
41
43
34
30
25
20
25
22
21
20
18
17
19
20
31
38
42
60
86
97
119
132
120
108
85
71
51
41
23
18
14
16
8
14
10
5
8
8
5
7
11
12
8
7
8
9
6
5
8
6
0
