0
0
0
0
0
0
0
0
1795
5930
4476
3858
3875
3902
4117
4664
5076
5113
5018
5308
6323
6300
5041
4275
4174
4097
3993
3925
3922
3724
3288
2732
2479
2441
2408
2357
2354
2296
2247
2261
2239
2742
4603
7465
9431
8462
5279
2593
1644
1672
1808
1728
1537
1557
2235
3887
6104
7702
7121
4585
2249
1096
827
841
775
669
647
700
696
645
626
604
594
601
620
676
756
875
972
996
940
865
872
883
825
736
623
505
441
408
322
298
248
236
262
248
247
231
197
196
179
171
166
186
237
312
452
691
938
1099
1145
1032
781
514
307
193
134
105
105
93
101
113
103
87
98
91
97
93
100
92
105
110
103
107
135
153
162
169
162
132
109
95
79
76
76
66
63
67
62
59
57
58
63
61
80
82
91
87
76
64
63
63
65
59
64
63
55
63
61
60
50
41
42
42
45
47
55
53
59
64
75
87
91
92
79
73
79
67
58
59
65
60
56
58
62
68
60
54
61
65
58
55
50
47
47
43
38
33
33
28
20
23
24
22
18
24
22
15
27
32
50
44
51
96
114
139
128
101
96
100
74
53
43
34
27
16
18
11
5
6
11
9
11
13
7
13
8
12
7
6
8
6
10
10
6
0
