0
0
2520
7341
3865
3982
4012
4034
4283
4966
5365
5272
5153
5132
7246
6767
4665
4304
4357
4211
4130
4006
4121
3880
3423
2766
2539
2524
2490
2436
2434
2375
2315
2353
2262
2495
4245
7447
10367
9815
5810
2329
1491
1681
1932
1868
1579
1470
1872
3490
5893
8136
8005
5291
2622
1207
850
881
829
702
653
721
743
665
654
630
605
626
623
673
759
847
1023
1035
1027
879
881
941
877
792
682
546
457
452
336
324
263
235
274
257
255
258
196
214
182
183
165
180
220
301
388
629
939
1132
1214
1162
875
581
335
207
145
105
114
95
102
118
110
88
102
94
103
94
107
91
111
116
107
98
146
160
170
172
186
127
111
103
74
79
85
64
65
75
62
63
58
61
68
61
87
84
98
88
77
64
68
65
69
58
71
63
54
74
57
70
40
47
40
51
39
60
53
59
65
68
89
91
100
91
71
84
77
59
62
64
75
48
67
55
75
71
48
59
77
58
56
55
44
53
44
39
34
37
30
18
25
25
22
18
27
22
14
31
36
57
43
57
114
121
154
123
96
103
106
55
54
35
38
15
20
15
6
6
12
10
12
14
8
14
9
14
7
7
10
5
12
12
5
4
8
3
10
5
2
12
5
184
