0
0
2381
7304
3815
4041
4001
3968
4366
4829
5287
5319
5073
5192
7239
6881
4677
4290
4290
4186
4174
3990
4113
3935
3484
2773
2531
2404
2478
2519
2444
2452
2427
2342
2242
2406
4130
7441
10509
9876
5792
2431
1468
1694
1868
1887
1578
1352
1946
3446
6024
8143
8016
5382
2655
1212
962
856
842
718
689
715
695
633
651
621
586
571
637
687
750
913
1066
1081
998
923
895
826
936
819
685
521
422
414
380
336
287
255
266
258
235
221
219
197
171
168
165
180
188
239
391
626
908
1157
1223
1125
802
584
334
199
139
131
114
98
90
103
107
88
108
89
95
123
112
104
97
102
109
108
143
142
175
168
160
154
126
133
91
83
84
74
65
58
70
69
60
62
62
69
88
96
101
84
70
81
69
82
64
54
48
46
60
55
52
72
53
53
39
34
40
58
53
55
53
68
72
86
95
85
79
72
69
78
74
62
74
65
67
47
55
61
47
59
59
59
55
58
56
51
49
38
36
34
34
21
27
31
24
17
23
26
23
22
23
47
57
96
98
110
121
132
116
108
96
53
47
30
22
26
14
7
12
15
13
7
6
5
13
6
14
9
11
11
11
6
11
11
10
5
2
7
7
3
5
4
3
222
