0
0
0
0
0
0
0
0
1695
5853
4426
3890
3876
3853
4150
4587
4995
5106
4994
5307
6345
6359
5080
4258
4130
4074
4007
3923
3923
3769
3344
2747
2460
2340
2395
2435
2366
2369
2340
2259
2208
2649
4489
7437
9496
8547
5372
2665
1657
1650
1781
1729
1506
1510
2224
3858
6132
7711
7195
4719
2306
1126
912
826
790
689
672
685
657
622
619
593
566
576
624
679
775
916
1015
1015
949
892
846
838
862
760
624
481
407
393
358
315
271
248
256
245
225
215
206
185
168
162
164
173
196
275
436
667
922
1105
1143
1000
750
518
312
190
137
123
108
94
88
99
102
86
103
87
94
115
109
101
95
98
103
112
130
145
159
162
155
144
130
118
97
82
79
73
64
59
64
66
60
58
59
64
81
90
95
85
70
75
70
76
66
55
48
45
52
56
53
59
60
50
44
36
36
46
54
51
53
57
66
75
86
88
80
74
69
69
73
67
65
67
64
57
51
53
53
51
54
57
57
55
55
54
51
46
38
35
33
31
22
25
28
24
17
20
23
24
23
22
38
51
80
92
101
112
122
118
108
98
72
49
38
26
22
22
12
7
11
14
12
6
5
5
12
7
12
9
9
10
10
7
8
10
10
0
