0
0
2453
7307
3885
3860
4121
3919
4360
5025
5310
5384
5303
5187
7101
6828
4683
4276
4367
4157
4017
3954
4102
4015
3489
2833
2552
2542
2364
2489
2408
2320
2441
2387
2210
2515
4215
7264
10482
9600
5898
2480
1433
1634
1888
1855
1581
1358
1936
3474
6009
8315
7996
5424
2611
1255
890
763
800
714
670
705
678
711
628
551
661
635
644
634
774
903
1066
1032
994
925
877
910
939
802
682
538
456
399
369
338
300
277
270
229
255
255
215
184
203
193
188
153
201
285
379
630
850
1146
1267
1033
841
549
344
192
116
132
98
117
117
101
100
116
98
109
116
107
114
91
107
109
102
124
139
140
146
163
167
145
133
112
93
87
74
58
64
77
47
65
62
64
73
83
95
80
102
97
99
71
82
64
52
43
46
50
58
55
45
46
41
35
47
37
46
35
48
55
55
80
96
66
85
105
82
75
59
71
61
43
62
57
65
59
60
62
70
70
78
73
51
60
39
43
44
46
28
40
26
29
28
15
14
14
22
15
27
28
28
33
53
74
101
109
150
137
123
103
69
82
49
38
27
20
14
13
20
15
13
11
9
11
10
15
6
6
5
6
7
1
6
10
8
9
8
5
6
6
10
9
5
207
