0
0
0
0
0
0
0
0
1749
5893
4474
3772
3937
3845
4152
4721
5074
5183
5141
5363
6288
6285
5049
4269
4163
4050
3911
3870
3926
3812
3357
2787
2498
2445
2302
2407
2326
2258
2351
2288
2211
2757
4592
7458
9452
8356
5261
2616
1619
1631
1777
1711
1496
1527
2289
3982
6287
7826
7083
4599
2211
1130
834
745
753
681
657
675
666
661
587
577
621
619
618
670
785
925
1000
987
938
883
866
888
858
741
616
495
424
377
348
316
285
266
250
228
246
235
199
185
192
186
170
169
222
303
457
671
918
1124
1121
951
722
483
296
171
123
118
101
112
109
97
99
109
96
105
111
104
106
92
102
103
104
121
132
136
144
155
154
141
125
107
92
82
70
61
63
65
54
58
61
62
70
80
88
81
95
94
94
71
77
63
52
43
43
47
54
54
47
43
41
36
39
40
39
39
40
49
55
68
83
79
74
90
89
75
65
62
64
50
50
58
58
60
58
58
62
66
70
72
62
55
49
41
40
41
38
33
32
28
27
25
16
14
13
19
16
25
26
27
30
49
69
93
103
138
135
122
104
76
75
58
40
30
22
16
13
15
17
14
12
10
8
10
10
11
5
5
4
5
5
1
5
8
8
0
