0
0
2468
7183
3763
4055
3979
3993
4394
4920
5362
5234
5103
4868
7066
6655
4729
4298
4369
4170
4057
3972
4120
3970
3540
2811
2654
2538
2451
2486
2487
2423
2375
2347
2315
2407
4150
7322
10371
9681
5834
2516
1532
1710
1978
1968
1679
1311
1959
3437
5948
8240
8101
5419
2776
1260
914
866
795
764
665
704
739
659
676
628
606
627
640
644
722
911
984
1074
1072
956
878
899
889
833
692
532
447
414
362
327
291
278
259
236
245
222
213
191
191
163
173
167
196
260
406
582
897
1083
1203
1086
877
547
320
197
155
116
136
94
96
110
91
103
102
130
110
112
112
108
96
122
112
119
129
168
162
145
164
144
144
133
79
81
74
78
60
64
53
63
58
55
56
70
59
78
71
87
64
79
77
56
57
41
62
51
59
48
70
35
49
54
49
49
38
53
50
61
57
58
67
77
93
95
70
83
75
67
48
69
64
87
44
70
70
64
83
60
64
60
56
49
41
34
36
47
34
37
22
25
29
20
23
22
22
22
31
22
44
41
69
86
117
96
134
138
114
113
69
69
47
30
30
15
15
17
13
8
4
7
4
13
13
13
6
4
9
14
4
14
16
14
4
13
8
6
5
7
9
4
11
223
