0
0
0
0
0
0
0
0
1748
5778
4369
3884
3861
3861
4172
4649
5046
5079
4937
5110
6104
6215
5057
4289
4166
4062
3935
3882
3927
3805
3404
2798
2572
2457
2371
2401
2400
2342
2297
2267
2256
2643
4392
7212
9281
8501
5519
2818
1721
1691
1858
1826
1574
1485
2162
3717
5987
7780
7395
4907
2486
1172
877
827
765
722
657
684
690
651
638
608
595
606
616
645
744
873
967
1024
1002
916
863
863
847
779
643
502
428
393
344
311
280
266
248
231
230
215
202
188
177
165
163
170
202
281
415
618
861
1044
1112
1019
805
527
314
196
148
117
127
91
92
105
88
98
101
119
110
107
108
104
99
109
112
114
128
149
156
148
148
145
138
124
93
76
74
72
63
59
54
57
58
55
54
62
60
69
71
78
69
70
74
62
54
47
49
55
52
53
54
54
39
48
51
47
44
41
51
51
58
55
57
66
78
87
83
74
77
72
60
55
60
69
67
58
62
66
66
70
63
59
58
55
48
41
34
34
42
35
33
25
22
26
22
21
21
22
21
26
26
32
40
53
73
96
103
107
130
125
110
96
66
61
42
28
27
14
14
16
13
8
4
5
4
10
12
12
7
4
6
11
8
9
14
14
9
0
