0
0
0
0
0
0
0
0
1783
5789
4404
3788
3776
3864
4118
4602
5068
5169
5116
5335
6261
6311
5108
4272
4068
3983
3982
3949
3913
3742
3323
2848
2525
2420
2379
2506
2424
2380
2296
2287
2286
2658
4442
7202
9354
8591
5474
2761
1674
1608
1754
1722
1530
1472
2134
3777
6087
7623
7293
4959
2340
1156
827
806
767
706
699
684
667
644
622
597
615
623
620
675
751
863
985
1020
976
921
891
840
832
766
619
492
403
372
346
305
243
250
258
238
225
200
187
178
168
165
156
166
210
290
413
616
863
1085
1192
1071
805
539
335
186
121
122
118
102
103
98
107
102
92
98
90
110
121
112
103
103
100
111
129
144
155
153
139
136
132
112
96
86
81
75
64
58
55
61
54
57
59
66
71
74
79
91
91
83
69
65
65
51
50
57
55
57
58
50
42
47
44
46
41
46
52
55
51
55
59
76
86
87
91
85
72
57
54
58
57
58
56
56
58
59
62
68
67
58
59
57
51
56
51
36
31
32
32
23
22
28
20
20
22
25
19
18
28
31
35
49
71
86
98
117
137
126
100
90
70
56
46
31
18
19
8
5
8
8
9
10
11
9
6
5
7
12
11
6
8
10
8
6
4
0
