0
0
2515
7180
3810
3910
3907
4017
4305
4871
5399
5328
5309
5155
7150
6798
4748
4310
4207
4059
4169
4053
4082
3911
3422
2912
2584
2500
2455
2593
2505
2468
2366
2366
2361
2383
4239
7202
10374
9940
5763
2494
1526
1583
1895
1819
1643
1325
1877
3428
6108
8024
8000
5575
2631
1256
858
839
807
728
727
707
699
662
660
605
624
674
610
676
774
830
1041
1072
1039
937
951
856
873
830
665
529
422
389
365
329
252
256
274
247
239
208
191
193
165
182
152
168
192
288
382
582
873
1102
1303
1171
866
569
359
190
117
128
124
105
107
102
111
105
95
104
89
116
131
114
104
110
98
116
137
150
166
163
132
148
140
108
98
85
84
78
62
59
55
68
52
62
64
72
76
79
85
100
91
82
65
70
66
43
60
57
57
62
61
39
50
44
51
42
46
53
58
52
57
56
73
90
86
98
90
81
59
50
65
55
63
59
54
67
56
64
74
75
53
65
61
47
64
53
34
32
35
33
22
24
31
18
23
25
28
16
20
35
33
41
59
86
94
111
135
150
104
102
78
60
51
36
19
22
9
6
9
9
10
12
11
9
6
7
8
15
11
4
12
10
8
5
6
6
11
4
4
8
10
5
7
210
