0
0
2574
7162
3813
3995
3947
3997
4327
4909
5322
5178
5218
5075
7123
6835
4763
4334
4235
4160
4026
3903
3996
4003
3547
2835
2629
2468
2472
2456
2504
2408
2283
2381
2240
2437
4191
7440
10381
9780
5684
2463
1508
1667
1923
1933
1577
1415
1964
3440
6194
8182
8142
5351
2629
1220
901
871
799
694
685
667
709
694
670
613
629
623
657
660
705
943
990
1072
1029
914
938
930
875
812
688
565
459
390
377
318
303
267
249
222
235
248
218
181
182
193
166
172
206
251
397
605
899
1152
1197
1122
870
536
336
208
138
123
132
103
108
100
96
101
107
109
96
106
120
96
103
106
88
120
127
145
166
148
148
129
117
111
105
93
89
73
70
55
75
64
70
68
66
75
89
76
90
97
84
74
59
64
68
70
54
56
56
50
57
65
47
56
53
41
50
47
55
67
55
78
61
84
102
100
80
88
69
64
57
71
69
65
69
58
63
72
52
57
53
46
69
47
56
39
45
37
36
24
27
34
26
21
26
18
20
17
19
30
33
55
55
68
100
109
136
117
119
126
85
59
36
31
22
18
20
12
13
11
11
9
10
14
8
6
9
11
8
8
8
10
9
12
7
5
7
9
7
3
9
5
9
219
