0
0
0
0
0
0
0
0
1832
5792
4393
3851
3826
3858
4131
4626
5018
5052
5014
5267
6237
6322
5125
4293
4108
4017
3904
3818
3844
3802
3411
2812
2549
2397
2388
2374
2414
2323
2228
2271
2216
2669
4485
7350
9366
8481
5376
2712
1682
1655
1815
1766
1536
1538
2210
3834
6197
7770
7346
4762
2322
1130
867
831
755
671
659
655
678
666
634
605
603
613
630
652
755
892
976
1011
964
904
901
885
833
758
642
525
431
375
354
305
286
255
236
218
228
230
204
179
177
177
167
175
207
280
424
641
898
1087
1129
1027
787
511
318
199
136
120
122
100
104
96
92
96
102
103
95
102
110
98
98
98
94
109
123
139
150
148
140
127
115
108
101
92
85
75
67
59
66
64
65
66
65
69
82
77
83
90
85
75
62
59
63
66
58
53
54
52
52
58
56
49
53
47
42
48
48
56
61
62
69
66
86
97
90
81
77
67
60
60
65
66
64
62
59
61
62
55
53
51
51
56
51
49
42
41
37
34
26
25
30
27
22
23
19
18
18
17
25
29
45
52
59
83
100
117
122
113
117
105
72
50
33
28
21
17
18
11
12
10
10
9
8
12
8
6
7
9
8
7
7
8
9
9
9
0
