0
0
2493
7309
3896
3975
4029
4070
4258
4964
5382
5435
5175
5037
7239
6907
4729
4132
4294
4219
4083
3937
4115
3922
3409
2941
2633
2421
2529
2419
2541
2331
2429
2387
2200
2494
4100
7365
10369
9581
5701
2482
1495
1648
1844
1887
1622
1349
1979
3528
5954
8292
7883
5340
2666
1229
864
850
808
745
707
655
711
674
657
620
641
649
654
684
748
820
1093
1090
997
980
872
868
884
797
688
525
518
416
380
336
292
276
261
235
240
225
193
176
199
169
164
169
210
283
366
605
925
1151
1218
1140
878
563
334
187
160
111
87
113
95
102
114
103
95
94
98
105
136
113
112
101
119
136
131
160
148
174
156
146
118
99
93
75
82
68
61
49
69
64
57
51
78
71
85
93
86
74
90
67
59
62
67
68
53
55
60
38
53
50
57
39
51
40
54
52
46
48
58
75
74
86
108
107
89
70
72
76
61
67
58
64
61
61
52
60
66
68
64
58
56
57
43
47
29
33
27
22
27
23
22
16
21
12
12
14
18
25
24
39
64
77
125
108
132
140
114
114
82
55
42
33
30
13
8
17
11
10
10
12
13
12
8
9
13
8
18
12
12
7
13
10
9
5
8
9
9
10
6
6
6
193
