0
0
0
0
0
0
0
0
1775
5882
4487
3857
3884
3929
4106
4653
5098
5209
5059
5256
6304
6384
5088
4194
4094
4075
3956
3872
3911
3750
3313
2869
2557
2363
2438
2340
2445
2272
2337
2285
2199
2691
4453
7333
9324
8351
5301
2691
1669
1624
1761
1739
1530
1520
2259
3876
6121
7777
7114
4697
2328
1124
833
815
770
714
673
649
673
650
626
610
619
627
641
679
739
880
1020
1023
970
914
853
844
829
745
627
507
478
394
358
316
279
264
247
228
228
210
185
178
180
166
160
175
221
290
422
656
921
1101
1144
1034
790
518
309
189
147
106
89
106
91
99
110
99
92
91
94
105
124
112
107
103
114
126
134
145
150
157
153
137
117
99
88
78
74
68
60
53
61
62
57
52
70
70
79
87
85
74
83
70
59
58
62
64
57
52
55
46
44
50
51
47
42
46
44
52
48
44
50
62
72
76
92
104
97
79
69
69
67
61
60
58
59
59
56
54
57
62
64
61
57
55
52
45
41
32
29
27
22
25
23
22
16
19
13
12
11
15
21
23
32
53
69
104
109
116
131
121
110
95
67
48
37
30
23
11
9
15
10
9
9
11
12
11
8
7
11
9
15
13
11
8
10
10
9
0
