0
0
2467
7271
3738
3943
3959
4040
4315
5102
5253
5278
4982
5037
7367
7049
4777
4313
4292
4031
3977
3960
4093
3903
3474
2747
2605
2574
2311
2526
2494
2443
2401
2358
2257
2435
4145
7363
10600
9753
5899
2362
1494
1622
1982
1831
1657
1355
1849
3419
6006
8142
8099
5338
2674
1194
890
887
813
764
703
720
721
686
686
613
549
658
609
689
761
858
1021
1041
1068
921
870
909
906
815
732
553
463
410
353
358
263
265
265
230
205
213
209
196
189
167
182
198
205
245
397
652
918
1128
1181
1094
886
556
340
193
148
106
120
110
101
109
90
107
105
118
92
106
108
104
102
120
117
98
154
133
168
191
165
146
115
107
94
85
75
62
63
52
52
70
61
67
67
60
65
107
84
88
87
78
67
67
55
56
69
44
63
47
72
51
67
51
45
46
58
44
52
60
66
60
78
82
96
84
88
87
61
57
67
57
63
48
66
68
53
58
50
60
54
65
63
49
49
59
37
37
35
27
27
21
22
22
18
14
22
17
15
26
27
44
58
94
92
123
138
156
129
92
100
63
54
37
24
27
18
14
11
17
6
11
10
5
10
13
8
3
11
6
3
7
5
7
7
10
5
5
7
5
6
6
10
201
