0
0
0
0
0
0
0
0
1758
5868
4355
3803
3827
3897
4150
4754
5047
5065
4913
5233
6413
6493
5173
4298
4109
3957
3859
3861
3901
3741
3319
2733
2532
2470
2258
2444
2412
2363
2322
2271
2226
2688
4537
7498
9551
8471
5283
2601
1629
1663
1813
1740
1533
1504
2208
3912
6198
7740
7161
4594
2265
1090
860
841
776
725
683
695
687
666
641
578
576
608
624
684
765
882
976
1015
974
887
861
875
846
765
655
511
433
381
341
321
254
256
246
216
200
205
199
188
176
168
179
191
212
290
463
702
937
1085
1105
993
762
496
300
184
134
108
113
105
98
102
89
103
103
110
91
101
103
101
102
113
109
111
136
140
162
174
160
136
115
102
92
82
72
63
59
53
53
62
62
63
64
59
64
97
84
84
85
77
66
64
55
53
63
49
55
52
60
57
58
55
46
44
49
49
47
54
59
62
66
77
84
87
82
85
72
58
59
60
58
54
54
62
59
55
53
52
54
57
60
57
49
50
49
38
35
32
28
26
21
20
21
18
15
20
17
15
24
25
40
53
85
89
112
128
146
132
100
93
74
56
43
29
24
22
16
12
12
13
6
10
8
5
9
12
7
3
10
5
3
5
5
5
6
0
