0
0
0
0
0
0
0
0
1750
5881
4491
3870
3848
3851
4204
4717
5042
5116
5054
5292
6238
6266
5092
4301
4152
4074
3976
3951
3945
3713
3314
2744
2494
2430
2409
2385
2399
2300
2340
2286
2277
2695
4496
7455
9486
8437
5193
2611
1636
1602
1794
1762
1523
1531
2247
3908
6197
7700
7157
4834
2251
1119
839
813
751
709
653
667
654
630
611
603
617
622
625
653
749
893
1009
1025
940
864
855
861
817
696
585
504
452
377
314
307
288
248
239
224
208
200
193
193
177
166
162
174
206
296
462
689
951
1113
1128
1001
753
498
299
190
145
120
102
90
96
101
101
84
77
94
114
121
129
122
111
99
106
117
139
161
153
141
133
127
128
118
101
85
69
63
62
61
56
54
63
69
63
56
72
82
90
99
74
84
72
69
63
59
55
46
47
52
52
53
49
50
58
55
47
44
44
48
52
57
68
81
82
85
83
78
79
70
61
60
61
62
62
60
62
62
59
59
60
57
53
56
57
46
40
41
39
30
28
29
30
25
22
17
13
20
22
19
23
19
33
63
84
99
110
125
120
116
108
89
72
59
44
30
23
17
13
12
8
10
6
10
11
5
6
11
8
3
9
5
7
6
9
8
9
0
