0
0
2456
7292
3915
3985
3974
3969
4426
4996
5288
5301
5209
5115
7078
6758
4780
4312
4308
4211
4076
4064
4151
3840
3474
2770
2560
2508
2489
2465
2484
2369
2429
2361
2324
2461
4062
7410
10415
9887
5609
2460
1519
1548
1897
1944
1592
1375
1933
3403
6024
8136
7964
5666
2637
1236
869
857
784
752
671
691
686
650
642
608
645
637
652
639
729
871
1044
1094
1019
875
884
889
894
752
634
532
491
413
326
320
312
259
249
238
216
210
195
211
180
181
157
180
188
258
406
635
906
1189
1182
1136
847
569
331
200
153
127
110
91
99
105
107
88
78
95
117
125
136
128
118
98
111
119
135
181
157
145
139
126
139
127
98
96
64
68
64
64
56
53
68
76
64
55
78
87
95
105
73
90
72
71
64
60
56
44
52
55
53
57
45
57
63
52
47
43
49
52
57
58
84
83
88
91
79
84
78
66
60
65
64
67
63
60
70
58
62
61
60
54
55
66
47
40
44
45
28
30
32
34
24
23
17
12
23
24
19
25
18
38
71
91
107
117
135
120
120
108
83
69
54
39
25
21
13
16
8
13
6
10
15
6
7
12
10
3
10
6
9
6
11
8
11
7
6
9
1
5
2
5
8
205
