0
0
0
0
0
0
0
0
1728
5838
4403
3878
3786
3870
4156
4720
5131
5154
5044
5326
6379
6386
5103
4250
4103
4070
3965
3884
3878
3732
3270
2813
2536
2360
2427
2368
2267
2290
2389
2286
2169
2681
4542
7469
9395
8318
5222
2630
1638
1629
1783
1756
1549
1524
2273
4005
6258
7742
7145
4609
2235
1080
894
818
762
742
688
651
675
667
621
584
590
610
631
683
773
891
1006
1027
978
926
902
894
834
724
615
530
433
379
341
301
267
256
244
207
193
222
192
188
179
162
170
181
210
289
435
678
950
1136
1155
990
745
499
282
166
135
121
103
102
104
84
82
96
116
100
100
109
112
106
113
94
107
116
130
142
148
149
140
129
122
107
96
88
78
73
73
65
64
64
59
62
62
69
84
79
89
95
72
68
63
63
56
57
49
43
54
57
52
56
58
53
49
50
49
50
53
50
53
60
75
89
88
80
83
85
76
70
58
54
48
51
61
64
59
58
54
52
55
55
59
61
60
54
43
37
33
32
32
33
29
27
26
19
17
15
22
19
23
25
29
62
78
90
108
112
112
111
110
98
67
46
41
34
24
22
19
12
9
10
14
7
9
12
8
4
8
13
9
9
7
8
8
13
11
0
