0
0
2423
7240
3809
4022
3880
4024
4331
5019
5419
5307
5183
5120
7294
6892
4765
4247
4232
4241
4072
3979
4038
3937
3367
2878
2618
2413
2514
2451
2342
2355
2485
2390
2170
2440
4108
7368
10340
9628
5809
2509
1474
1616
1887
1882
1677
1361
1878
3503
6045
8133
8101
5415
2670
1170
943
862
791
780
729
664
699
703
662
595
608
620
653
662
772
868
1019
1109
1018
976
919
941
898
795
654
586
468
404
366
323
280
265
264
228
181
243
200
194
198
164
169
190
188
259
375
587
916
1165
1257
1125
833
595
326
169
140
131
107
102
114
88
83
95
124
104
103
112
118
104
128
88
114
116
135
147
156
153
153
126
136
108
98
95
78
72
84
61
69
67
58
68
61
71
91
79
94
101
73
69
64
67
56
60
48
42
61
57
52
61
61
50
52
53
49
57
51
55
55
64
89
96
87
76
97
79
81
63
57
55
44
61
69
65
55
66
46
61
54
61
67
58
66
41
40
34
36
31
40
28
29
28
19
17
14
24
19
25
27
32
68
83
95
116
118
115
114
113
99
58
43
43
30
20
26
13
12
7
18
8
9
14
10
5
7
14
10
10
8
9
8
15
13
3
2
8
12
9
2
6
4
212
