0
0
2559
7259
3834
3967
3959
4041
4413
4871
5393
5197
5171
5118
7189
7001
4785
4283
4315
4058
4141
4018
4035
3928
3514
2769
2523
2471
2510
2478
2480
2449
2350
2287
2354
2356
4156
7307
10520
9835
5728
2508
1466
1650
1870
1967
1637
1292
1969
3432
6099
8056
7903
5401
2558
1225
908
847
805
744
661
686
709
705
631
620
651
623
601
691
754
815
994
1094
990
933
888
908
873
805
676
515
436
429
359
319
261
263
239
211
231
202
214
180
180
163
171
174
193
260
398
574
923
1206
1245
1109
867
582
347
214
164
139
120
89
98
106
97
102
112
111
99
97
113
117
120
108
112
123
162
150
161
148
163
131
130
127
89
80
87
76
58
68
64
70
56
64
71
74
70
85
100
80
104
79
63
69
67
53
53
42
59
59
61
48
49
50
52
47
54
47
53
55
62
63
77
88
92
102
88
83
56
74
60
73
65
67
65
69
70
82
74
80
55
65
49
34
55
49
39
35
48
35
20
26
18
21
16
22
24
24
27
21
32
45
72
75
116
124
108
122
129
111
90
69
55
36
21
14
11
11
11
10
8
13
12
13
10
13
10
10
7
8
11
5
13
11
15
7
7
11
9
8
4
7
5
205
