0
0
0
0
0
0
0
0
1822
5861
4431
3838
3830
3897
4200
4634
5057
5079
5002
5289
6318
6427
5171
4289
4116
4007
3961
3917
3881
3756
3363
2746
2461
2397
2424
2396
2396
2362
2273
2227
2269
2635
4459
7358
9469
8511
5354
2692
1658
1628
1799
1788
1533
1490
2221
3864
6155
7631
7124
4714
2237
1128
868
812
766
703
646
666
682
661
615
610
616
599
615
678
742
843
972
1008
950
894
869
866
827
746
616
481
420
400
339
296
252
249
226
209
216
200
196
177
169
161
164
173
206
288
424
647
936
1137
1156
1017
784
529
324
206
157
132
112
88
95
102
93
98
108
107
96
96
108
112
113
107
108
125
145
149
150
148
147
134
125
116
94
81
80
73
62
62
63
64
57
59
66
70
69
79
92
82
95
82
65
64
65
56
51
45
50
57
58
52
46
47
48
49
47
49
47
51
55
59
66
78
86
92
93
84
70
62
64
63
66
64
63
63
65
70
74
75
69
60
57
46
41
48
46
38
36
42
34
22
23
19
19
16
19
21
22
24
22
28
39
60
70
98
116
111
112
120
116
97
78
60
45
29
18
13
10
10
10
9
7
12
11
12
9
11
10
9
7
6
9
6
10
11
12
0
