0
0
0
0
0
0
0
0
1799
5828
4427
3888
3896
4040
4232
4652
5078
5161
5032
5269
6344
6390
5069
4202
4122
4054
3903
3858
3897
3781
3339
2802
2427
2440
2417
2357
2370
2399
2307
2322
2270
2687
4549
7400
9382
8391
5240
2607
1642
1633
1804
1780
1558
1529
2233
3935
6193
7697
7126
4639
2219
1108
868
778
736
744
703
707
711
653
571
572
594
606
630
673
735
863
991
1016
957
883
844
837
799
727
631
522
446
387
345
305
277
256
223
225
226
206
201
183
174
177
169
190
228
290
446
692
944
1123
1163
1013
736
480
312
202
143
112
99
101
108
106
98
97
102
88
115
99
113
97
97
95
114
127
129
151
164
172
158
139
120
95
76
72
76
75
67
60
59
61
65
62
63
64
83
76
83
85
85
77
61
61
51
53
52
51
58
54
57
55
49
44
42
43
46
51
54
56
54
56
67
77
86
86
89
86
77
67
60
69
69
59
58
56
53
56
60
62
60
55
51
49
50
47
45
47
39
31
31
28
26
21
19
14
18
19
17
16
17
31
34
42
75
94
88
107
139
126
104
87
66
53
42
27
16
12
10
10
8
11
10
10
14
8
8
8
14
9
10
10
10
9
8
6
5
0
