0
0
2525
7198
3853
4025
4027
4212
4391
4898
5379
5343
5167
5033
7275
6921
4721
4127
4358
4180
3992
3959
4062
3981
3457
2877
2457
2529
2500
2435
2448
2489
2372
2417
2320
2408
4183
7292
10302
9745
5821
2403
1517
1611
1892
1948
1650
1396
1858
3450
5987
8102
8028
5435
2614
1213
919
818
756
781
727
727
743
717
579
583
609
633
622
694
721
826
1018
1089
1013
932
861
872
852
777
691
565
481
412
370
325
291
277
231
231
242
213
212
194
177
185
186
157
253
237
390
613
933
1133
1264
1145
853
526
355
220
155
117
102
104
112
111
102
100
110
85
123
99
122
99
104
93
115
141
116
166
161
191
165
142
131
99
73
74
81
80
68
60
62
63
71
61
68
62
91
76
88
89
86
78
61
65
51
56
53
52
63
52
63
54
48
43
45
44
52
56
57
60
48
67
71
90
87
92
93
84
75
63
62
83
60
60
59
54
53
64
66
65
55
55
47
54
52
41
52
46
27
37
27
29
20
20
13
20
19
17
18
18
34
38
46
84
101
88
118
152
123
101
84
61
51
38
19
15
11
13
8
12
11
10
16
9
9
7
15
10
11
11
11
9
10
6
7
1
9
5
10
6
6
7
8
195
