0
0
0
0
0
0
0
0
1846
5856
4402
3872
3824
3947
4180
4703
5074
5149
5103
5350
6297
6339
5125
4272
4093
3987
3885
3878
3962
3754
3281
2801
2519
2522
2314
2388
2352
2317
2314
2302
2263
2789
4517
7311
9282
8295
5272
2661
1662
1651
1824
1777
1532
1522
2256
3997
6301
7791
7040
4695
2288
1092
796
794
772
676
672
675
675
635
625
614
603
605
641
685
770
904
985
1001
944
851
818
822
806
719
601
502
429
379
340
310
291
258
253
252
227
198
192
183
176
169
164
169
215
297
453
687
916
1084
1116
967
747
513
303
202
148
122
115
115
80
90
104
110
110
100
110
102
111
111
121
110
99
107
130
156
162
164
161
134
113
103
92
83
77
73
67
64
61
66
60
53
64
68
75
84
98
100
84
75
74
72
62
60
61
51
58
54
49
49
47
47
50
48
44
44
57
59
54
59
63
75
88
86
80
82
75
73
62
57
67
66
62
62
60
65
64
62
64
62
58
52
53
52
42
35
34
33
31
30
24
21
20
13
15
18
16
15
19
30
33
54
68
82
104
124
123
116
97
75
60
62
44
28
22
18
16
13
13
6
12
16
15
9
8
17
11
5
4
2
7
8
11
4
3
0
