0
0
2590
7216
3815
4015
3934
4115
4341
5001
5334
5323
5268
5181
7118
6873
4800
4260
4267
4088
4005
3944
4198
3918
3387
2867
2564
2635
2378
2468
2431
2392
2389
2401
2264
2588
4149
7182
10268
9528
5879
2502
1496
1649
1904
1977
1588
1397
1867
3528
6073
8309
7866
5472
2699
1217
823
821
829
700
695
691
717
654
649
637
627
612
643
703
735
897
1037
1031
1041
880
838
847
860
785
652
543
461
403
363
324
312
268
261
267
245
205
201
190
185
174
171
165
191
281
377
637
900
1100
1218
1087
817
617
317
223
157
128
113
132
81
91
107
114
116
103
115
104
117
110
131
115
100
108
125
170
170
162
186
134
110
114
89
89
77
77
68
70
57
75
61
49
71
69
80
88
104
104
84
76
75
76
63
61
65
48
66
51
52
50
47
52
51
51
40
47
73
51
60
64
66
89
98
79
90
78
76
74
54
66
76
62
68
60
66
75
58
71
63
65
52
52
62
42
37
33
38
30
34
23
20
25
11
17
20
16
15
21
34
37
59
74
88
114
134
125
117
93
70
59
69
29
28
18
21
11
19
5
12
17
17
11
6
19
13
6
5
3
8
7
14
4
4
8
7
2
9
9
7
4
5
192
