0
0
2545
7233
3759
4069
4077
3938
4279
4871
5353
5279
5150
5155
7111
7021
4884
4338
4307
4149
4031
3982
4150
3993
3431
2863
2624
2461
2436
2515
2354
2388
2427
2414
2251
2435
4138
7312
10358
9789
5729
2478
1515
1614
1785
1907
1609
1401
1810
3506
5887
8134
8093
5655
2557
1168
908
830
839
739
674
697
681
728
640
623
626
619
643
694
789
883
1011
1095
1040
954
864
903
864
831
697
556
482
410
332
328
290
251
251
236
240
199
190
184
198
170
151
182
197
267
392
615
906
1124
1227
1133
844
579
323
191
155
118
96
105
106
89
96
85
90
80
87
124
120
120
104
95
105
124
171
142
156
176
127
121
112
100
116
90
83
74
72
67
51
49
58
73
65
76
71
79
82
91
70
88
73
81
57
50
53
56
59
62
47
42
52
53
55
55
52
49
51
56
69
56
74
94
75
102
73
100
73
66
72
49
54
60
58
65
64
59
59
52
60
59
51
60
68
51
45
29
43
27
30
24
23
27
35
15
30
13
23
18
30
34
56
80
107
110
129
119
113
111
100
65
44
44
34
17
20
14
12
14
13
11
9
11
11
7
5
9
7
7
8
9
10
10
9
6
13
8
6
11
3
4
4
195
