0
0
0
0
0
0
0
0
1822
5879
4358
3906
3945
3850
4096
4613
5055
5118
5025
5312
6331
6419
5206
4342
4148
4034
3923
3901
3956
3794
3313
2808
2543
2392
2367
2425
2282
2316
2348
2314
2227
2706
4589
7507
9478
8347
5123
2568
1645
1605
1745
1728
1526
1520
2275
4013
6227
7739
7145
4673
2116
1064
861
805
786
698
658
671
673
675
618
605
604
609
640
706
794
900
1002
1029
975
893
860
856
826
754
626
513
442
370
319
305
269
243
239
228
219
190
182
182
181
158
159
179
218
305
464
702
945
1112
1138
983
731
477
278
180
138
109
96
100
97
87
91
83
86
79
93
120
116
112
99
95
105
132
153
144
155
152
128
115
106
103
101
90
79
73
68
61
52
49
58
66
66
70
70
75
79
85
70
84
71
78
56
49
50
53
56
58
48
42
47
50
52
53
52
49
48
53
60
62
67
80
83
84
85
83
82
67
65
57
49
55
57
59
62
60
58
54
54
57
54
53
60
57
49
37
34
34
29
27
24
23
28
29
20
24
16
20
20
28
33
54
77
102
105
123
116
110
108
97
68
47
42
35
22
17
16
12
12
13
11
10
8
10
9
6
5
8
6
6
7
8
9
9
8
0
