0
0
0
0
0
0
0
0
1823
5881
4410
3780
3778
3810
4078
4607
4981
5078
5002
5219
6271
6423
5153
4273
4155
4039
3909
3940
3976
3773
3412
2932
2574
2407
2370
2269
2338
2267
2299
2215
2181
2686
4518
7379
9437
8462
5348
2720
1695
1644
1828
1794
1560
1555
2225
3836
6097
7720
7194
4688
2315
1124
853
818
759
708
677
686
654
636
600
574
564
593
637
692
772
889
1002
1018
974
927
917
912
813
726
643
533
436
363
343
334
296
253
238
233
210
218
197
166
167
169
160
173
232
320
459
662
895
1070
1126
1007
752
507
325
206
130
111
100
106
108
118
105
101
106
98
108
124
104
110
116
103
109
125
135
137
150
158
153
142
122
105
92
80
71
68
63
66
66
59
56
64
67
72
70
90
81
101
78
75
73
59
48
49
53
54
54
42
43
52
52
45
50
54
47
49
49
60
62
51
55
76
94
90
88
90
76
72
73
56
45
49
54
65
68
62
55
54
57
58
59
56
51
47
41
40
35
35
33
24
27
28
26
24
20
15
19
20
23
25
44
52
77
84
96
111
120
112
117
106
74
55
37
25
22
16
15
11
15
10
15
14
8
9
10
6
9
8
5
6
10
11
11
8
5
0
