0
0
2558
7262
3814
3895
3908
3939
4260
4902
5234
5272
5161
4996
7122
7054
4764
4235
4383
4144
3980
4074
4182
3909
3551
3005
2640
2478
2454
2343
2420
2336
2390
2296
2200
2439
4179
7262
10439
9766
5861
2523
1589
1589
1933
1980
1615
1436
1907
3386
5882
8134
8080
5416
2710
1235
887
860
796
743
693
723
673
673
623
601
571
597
652
688
771
868
1031
1098
1001
987
906
998
864
766
699
580
476
383
355
355
320
267
245
252
213
229
220
166
171
181
166
159
213
303
410
616
867
1109
1189
1150
833
569
353
235
131
117
101
111
110
124
109
105
111
102
109
134
106
112
127
103
111
129
144
137
154
173
152
160
119
113
92
84
70
75
59
73
69
59
55
70
71
76
71
97
82
108
77
77
74
58
48
53
56
55
58
36
49
59
50
41
63
48
52
47
52
76
54
49
62
98
101
85
99
85
71
82
69
44
49
55
61
79
62
61
49
65
54
67
58
51
55
36
49
33
38
39
21
30
28
26
24
20
15
21
20
26
28
50
56
86
89
105
120
127
110
127
101
60
53
25
28
16
19
9
18
10
16
16
9
10
11
7
10
9
6
8
12
13
11
8
5
4
6
13
9
4
8
5
4
192
