0
0
0
0
0
0
0
0
1799
5817
4389
3812
3770
3849
4218
4722
5073
5079
5065
5319
6290
6384
5149
4259
4076
3973
3900
3876
3954
3855
3365
2744
2550
2436
2413
2349
2333
2367
2312
2261
2248
2662
4483
7299
9288
8416
5354
2696
1684
1662
1800
1771
1537
1495
2243
3939
6082
7721
7119
4769
2304
1127
830
826
804
709
692
699
681
678
645
606
590
612
649
665
709
869
1010
1021
945
871
866
864
826
744
651
538
444
353
326
286
259
250
222
238
219
209
198
184
187
182
181
177
210
292
442
656
901
1111
1164
1021
769
505
315
200
131
121
119
116
109
94
101
111
93
108
109
93
98
96
105
105
105
115
122
137
154
156
148
140
125
107
93
82
76
70
62
64
62
65
69
65
67
70
60
80
103
100
94
82
60
59
67
55
50
52
52
51
53
55
49
42
43
49
47
52
51
54
50
53
54
69
80
84
89
88
82
70
59
59
62
65
63
60
63
66
65
64
63
63
62
56
55
55
47
44
39
40
35
22
25
27
27
15
23
14
12
26
27
29
34
45
71
91
104
115
120
110
94
86
66
49
45
32
26
20
15
12
15
10
14
7
9
13
4
10
9
8
5
10
10
6
6
5
4
0
