0
0
2527
7209
3792
3945
3885
3996
4444
5000
5365
5185
5295
5113
7162
6925
4818
4219
4277
4042
4059
3941
4147
4060
3490
2750
2637
2511
2497
2429
2409
2455
2391
2337
2304
2398
4175
7300
10247
9712
5786
2482
1493
1711
1865
1942
1622
1352
1879
3653
5889
8214
7887
5450
2647
1236
859
854
855
739
711
732
699
712
678
630
600
621
665
701
678
819
1086
1072
1023
878
898
899
881
788
704
579
487
369
348
303
268
268
225
252
230
215
215
182
202
181
199
171
197
265
399
623
876
1142
1277
1117
857
551
335
220
130
125
122
119
115
98
105
116
96
113
117
94
105
96
112
107
105
124
121
142
165
168
148
150
128
108
95
82
78
74
59
72
59
71
74
66
71
74
58
89
112
101
96
81
55
64
73
50
53
55
53
54
57
56
47
38
54
44
57
48
60
50
56
51
64
83
84
93
96
85
81
59
63
62
70
66
62
60
75
63
70
66
61
74
52
59
59
46
48
37
45
38
19
28
28
27
14
26
12
14
31
26
34
38
51
84
101
114
124
127
104
93
84
51
53
37
29
22
17
12
17
10
16
8
10
15
5
12
9
10
4
13
11
5
8
5
5
8
5
4
8
8
7
4
5
204
