0
0
2544
7192
3779
4128
3965
3965
4477
4999
5282
5247
5181
5090
7185
6889
4675
4337
4185
4127
4238
3901
3976
3944
3352
2811
2578
2546
2459
2340
2538
2397
2449
2436
2269
2498
4108
7370
10471
9639
5896
2418
1499
1595
1904
1984
1645
1333
1913
3508
6095
8126
7855
5476
2632
1260
885
872
816
719
692
723
707
721
640
601
649
619
633
654
743
870
1051
1045
1067
964
938
869
914
753
644
593
474
405
355
289
283
269
257
236
224
226
205
181
179
183
154
183
187
277
358
612
926
1061
1225
1134
860
580
325
222
138
113
92
109
98
120
126
119
112
117
106
125
100
104
105
102
91
119
168
151
159
156
138
131
98
105
97
91
80
76
62
54
67
50
70
58
68
74
80
70
104
84
102
79
64
57
47
63
64
68
50
52
44
40
58
51
54
64
51
55
40
62
59
51
84
62
111
92
88
75
66
75
70
59
71
51
55
51
60
81
57
61
47
57
52
49
57
40
53
42
39
29
27
28
24
23
25
25
21
23
22
27
25
37
71
69
86
126
131
133
121
85
82
57
54
43
26
20
11
13
11
12
15
10
13
9
7
4
11
9
9
15
12
11
4
5
5
6
10
6
7
6
7
8
6
237
