0
0
0
0
0
0
0
0
1813
5828
4369
3949
3870
3847
4239
4728
5033
5080
5020
5285
6302
6342
5082
4261
4080
4030
4011
3864
3826
3726
3255
2760
2515
2459
2376
2271
2450
2327
2366
2334
2253
2719
4510
7439
9437
8404
5306
2646
1635
1623
1817
1801
1544
1508
2258
3969
6236
7670
7044
4713
2262
1141
854
832
768
690
676
695
688
672
614
601
612
606
618
664
756
895
993
1019
992
934
885
861
828
701
611
542
440
379
326
279
270
257
243
225
216
212
193
177
174
167
161
174
212
286
431
677
906
1068
1132
1012
767
506
305
198
132
105
93
102
98
117
121
115
108
112
105
116
98
99
100
97
95
122
150
150
150
147
135
119
103
97
94
87
79
71
62
56
58
55
61
59
63
69
76
70
96
84
96
79
64
57
47
57
60
63
54
49
45
41
48
53
51
56
56
50
48
49
59
55
63
74
82
99
87
79
68
66
70
63
62
59
52
51
53
65
66
59
54
51
52
51
49
49
45
46
41
36
30
27
26
24
23
23
24
21
21
22
24
25
33
62
66
78
112
123
127
120
94
81
65
54
47
33
23
16
10
12
10
11
13
9
12
8
6
4
10
8
8
13
12
10
4
3
4
0
