0
0
2511
7294
3795
4018
3858
4092
4299
5103
5283
5163
5170
5156
7330
6903
4682
4274
4341
4243
4042
3911
3994
3991
3487
2952
2520
2483
2575
2466
2414
2365
2297
2368
2306
2504
4045
7329
10339
9764
5870
2471
1465
1708
1968
2001
1638
1372
1887
3411
5837
8212
7947
5561
2684
1273
917
819
832
752
682
717
713
706
661
585
635
629
610
665
748
827
1057
1029
1091
869
882
882
903
766
686
504
468
404
350
303
290
260
263
203
205
247
206
190
169
191
172
170
197
250
415
608
857
1107
1216
1068
825
552
360
203
148
110
99
112
97
106
97
101
98
106
108
107
127
108
116
112
108
120
131
166
169
169
170
131
136
127
103
98
92
67
74
53
55
52
60
69
69
76
81
85
83
78
96
87
78
60
63
59
66
47
42
44
37
44
39
47
36
50
55
56
57
44
63
68
81
92
114
88
84
94
89
72
76
52
49
50
58
56
57
57
82
60
66
64
51
45
48
38
41
47
38
25
23
28
26
26
24
24
17
26
11
29
31
52
48
78
108
120
116
140
126
98
88
59
46
33
21
15
14
15
12
14
8
28
12
11
5
8
10
9
11
12
3
7
6
6
13
10
7
7
7
12
3
5
5
197
