0
0
0
0
0
0
0
0
1788
5873
4408
3866
3763
3908
4144
4741
5048
5027
4995
5327
6377
6403
5094
4259
4159
4091
3934
3826
3843
3786
3382
2877
2478
2409
2482
2384
2334
2285
2234
2273
2271
2694
4393
7267
9328
8508
5456
2731
1673
1682
1865
1825
1566
1505
2158
3738
5981
7727
7235
4915
2370
1173
871
792
791
716
669
689
689
671
622
590
605
603
610
662
737
866
980
1018
975
870
850
857
835
728
623
482
439
380
330
291
275
251
241
199
207
224
198
180
172
176
169
172
202
286
436
635
867
1063
1115
985
756
518
332
199
141
107
98
106
93
102
93
96
95
101
103
106
116
108
110
109
107
114
130
152
161
163
155
137
128
121
106
95
87
72
66
56
52
51
56
64
66
70
76
80
81
77
87
88
79
63
59
58
60
54
43
41
39
38
40
40
42
40
50
53
54
51
49
62
70
81
96
100
85
84
88
81
73
65
53
48
50
54
55
54
61
67
63
61
60
51
45
43
39
39
43
37
27
23
26
26
25
25
24
18
22
14
23
28
43
47
63
91
110
113
123
129
110
90
74
53
40
29
19
14
13
14
11
13
10
25
12
11
5
6
8
9
9
10
5
4
6
5
9
0
