0
0
2606
7118
3765
4040
4038
3950
4230
5041
5310
5313
5064
5029
7033
6951
4847
4320
4292
4165
4076
4050
4075
3938
3472
2771
2622
2491
2477
2430
2428
2443
2441
2308
2281
2490
4072
7416
10366
9787
5708
2492
1493
1593
1849
1917
1588
1444
1909
3443
6007
8064
8146
5473
2653
1235
939
847
833
726
690
707
729
629
637
595
615
604
647
723
753
947
1051
1013
1015
936
890
896
990
824
651
530
459
434
336
335
296
235
228
259
238
214
204
179
195
181
167
148
193
296
421
574
905
1085
1244
1164
843
587
328
201
136
109
125
112
107
95
100
99
107
108
117
103
102
103
106
113
98
106
131
150
162
165
151
154
123
122
87
86
77
65
71
52
66
60
82
68
72
71
79
75
96
97
87
82
76
61
68
55
42
50
45
67
57
50
63
45
46
55
53
55
53
51
65
61
78
90
92
72
104
95
77
70
58
69
59
72
49
60
66
75
62
69
57
48
56
49
49
40
36
47
29
38
30
25
26
22
18
11
20
15
20
20
29
51
52
72
114
131
116
127
122
118
81
55
29
35
27
20
12
15
14
10
11
8
13
15
16
10
7
9
9
5
8
7
15
6
7
1
7
7
10
5
6
7
8
223
