0
0
0
0
0
0
0
0
1855
5768
4350
3876
3904
3844
4061
4688
5061
5106
4964
5185
6198
6370
5198
4320
4134
4044
3959
3927
3913
3764
3337
2755
2539
2416
2394
2349
2348
2361
2346
2242
2245
2690
4434
7339
9371
8468
5363
2710
1655
1597
1762
1747
1546
1545
2198
3812
6074
7681
7340
4832
2328
1144
893
817
786
697
672
686
677
620
603
586
589
599
645
697
791
924
988
985
955
899
867
892
904
759
606
498
440
400
324
317
274
226
226
244
226
206
192
179
182
173
157
160
213
310
437
639
882
1071
1155
1043
785
530
314
192
131
110
117
109
102
91
96
95
102
104
111
101
99
98
102
105
99
105
124
142
153
155
150
141
127
111
93
83
75
66
63
56
59
61
73
68
68
69
74
74
87
91
87
82
76
63
62
58
45
44
46
54
59
52
53
52
43
47
53
51
53
51
54
61
64
79
87
81
81
95
85
74
64
60
61
62
60
55
57
64
67
64
62
55
50
51
49
46
40
37
40
32
33
31
25
24
22
19
12
17
16
17
18
25
42
48
61
94
118
119
117
120
117
97
67
44
29
31
25
17
11
14
13
9
10
7
12
13
14
10
7
7
8
5
6
7
11
9
5
0
