0
0
2465
7243
3736
4106
3989
3942
4346
4921
5377
5354
5016
5119
7245
6991
4773
4229
4212
4130
3988
3987
4129
4128
3453
2846
2570
2476
2507
2422
2429
2459
2372
2313
2282
2478
4040
7041
10409
9908
5858
2452
1483
1636
2000
1918
1633
1330
1917
3426
5964
8123
7938
5513
2816
1264
889
860
771
715
704
694
701
655
683
624
615
566
655
683
769
853
1038
1070
988
952
906
906
957
760
654
563
483
404
359
321
272
273
240
247
242
225
214
227
182
168
171
194
181
261
388
646
878
1122
1215
1068
845
587
313
203
130
128
118
108
107
94
107
88
103
107
106
115
123
109
123
99
111
124
126
156
162
173
146
160
121
121
94
88
69
76
60
65
74
48
68
82
71
64
94
101
83
100
106
63
81
76
60
58
42
60
56
54
49
60
52
43
45
55
53
63
63
55
52
73
95
84
102
81
76
75
78
73
57
62
62
67
47
47
55
67
67
59
66
61
62
65
43
45
60
42
37
36
27
36
28
20
30
21
17
18
18
29
45
29
57
61
90
101
104
112
116
102
79
69
46
34
30
26
11
19
12
11
17
13
10
9
14
12
12
11
4
7
9
7
5
9
7
3
11
10
6
5
6
4
7
194
