0
0
0
0
0
0
0
0
1758
5850
4350
3927
3885
3834
4142
4657
5085
5148
4965
5270
6372
6424
5130
4240
4067
3991
3895
3887
3969
3881
3351
2794
2504
2406
2420
2345
2352
2373
2294
2239
2248
2704
4428
7287
9464
8491
5273
2612
1640
1677
1852
1775
1521
1515
2265
3939
6201
7686
7061
4712
2364
1137
853
811
733
690
679
672
665
644
640
605
579
585
635
691
768
891
997
999
951
907
881
895
851
707
606
520
444
377
335
297
263
255
233
238
230
215
211
204
174
164
173
181
207
294
465
690
923
1096
1108
963
742
491
287
180
130
122
112
105
100
92
100
88
99
103
103
112
117
109
113
100
108
118
129
148
157
158
150
141
124
109
94
81
72
68
62
63
64
55
64
75
69
67
87
94
83
94
101
63
76
74
60
57
43
54
55
53
49
54
52
45
43
48
52
56
61
57
53
64
81
88
88
88
76
73
73
73
62
57
60
61
54
46
48
57
62
61
60
61
60
60
54
45
47
50
41
36
32
30
31
27
22
26
21
17
16
17
28
42
29
52
57
83
94
98
106
111
102
83
69
52
37
30
27
17
14
15
11
12
15
11
9
9
13
11
11
8
3
6
8
6
4
7
7
0
