0
0
0
0
0
0
0
0
1873
5810
4352
3863
3877
3848
4145
4709
5052
5084
4935
5231
6318
6412
5130
4275
4155
4076
3910
3870
3952
3794
3384
2743
2527
2464
2361
2383
2413
2410
2286
2247
2149
2611
4389
7226
9322
8461
5382
2693
1646
1610
1785
1784
1569
1529
2176
3793
6084
7778
7308
4816
2330
1155
841
794
798
741
708
669
653
654
623
601
614
607
604
666
757
895
1013
1010
958
918
886
858
835
745
595
548
429
391
340
297
266
245
229
229
230
198
181
171
165
178
180
186
215
291
441
656
905
1119
1170
1021
782
521
310
187
143
123
92
97
97
112
102
101
102
103
104
111
112
108
100
109
112
128
146
150
159
165
153
132
116
108
97
83
71
61
62
56
57
56
59
59
64
70
79
88
99
87
83
82
70
70
63
56
44
44
53
55
48
42
47
51
54
51
44
43
45
43
53
63
73
65
68
82
84
85
78
64
51
48
51
58
60
59
58
55
55
57
58
61
63
61
59
54
51
41
34
32
28
29
20
22
17
20
21
21
22
22
24
33
36
55
70
87
94
117
122
119
111
88
75
59
42
29
19
22
24
21
16
11
9
10
9
5
6
9
9
12
10
9
10
6
6
5
6
0
