0
0
2630
7166
3752
4024
4006
3961
4350
5026
5300
5289
5006
5094
7204
6996
4695
4312
4300
4260
3972
3962
4168
3942
3548
2745
2602
2552
2436
2464
2496
2506
2352
2354
2160
2381
4083
7174
10354
9731
5825
2451
1483
1615
1859
1960
1638
1417
1872
3415
5939
8218
8112
5491
2660
1264
881
818
838
771
741
695
670
686
658
604
641
637
606
649
776
844
1093
1062
999
953
925
886
877
829
610
602
452
416
361
315
280
257
237
233
250
208
186
187
158
192
185
186
209
260
401
623
883
1153
1289
1106
866
572
334
190
147
135
93
102
99
116
106
105
107
107
106
117
115
116
97
119
110
130
162
148
169
177
159
136
113
116
100
84
74
56
72
52
63
55
64
60
69
75
85
95
106
85
85
86
68
75
62
55
40
51
59
56
44
46
53
55
59
46
44
50
40
53
58
78
71
62
85
87
90
84
74
52
49
49
60
66
60
63
54
58
60
60
64
70
60
66
54
56
42
34
37
26
34
18
24
16
22
23
22
23
25
27
39
38
65
78
98
100
138
118
130
100
83
71
48
37
20
23
26
22
18
12
10
11
10
6
8
11
9
14
10
11
13
5
9
4
9
2
9
7
9
1
5
10
6
187
