0
0
2407
7190
3781
3990
4017
3961
4265
4953
5393
5260
5153
5013
7148
7006
4820
4165
4295
4133
4078
4177
4143
3848
3488
2803
2472
2438
2534
2500
2460
2443
2434
2367
2256
2512
4189
7198
10433
9721
5811
2450
1485
1671
1918
1897
1540
1360
1920
3405
5915
8279
7978
5455
2664
1174
906
844
883
752
692
685
737
664
695
657
604
571
642
675
734
896
1071
1013
1034
917
915
938
884
836
713
521
455
433
330
336
297
251
294
261
194
224
222
174
180
163
172
203
206
267
374
610
910
1090
1225
1146
817
582
314
202
138
119
126
115
108
116
107
112
89
100
107
127
104
125
105
93
122
111
138
137
169
189
165
145
125
117
133
100
67
63
74
71
60
52
60
72
69
66
71
83
81
98
86
92
82
69
68
62
51
42
53
49
53
57
49
51
54
45
47
40
58
61
65
57
81
82
92
77
99
80
80
57
61
55
53
54
63
51
76
70
63
61
59
81
46
55
46
54
51
34
42
26
31
24
27
21
18
19
24
21
30
14
26
56
62
82
103
131
146
126
107
90
72
54
42
30
34
28
16
8
7
12
12
12
10
13
13
8
8
10
10
8
10
7
9
11
8
9
6
12
4
3
6
5
8
235
