0
0
0
0
0
0
0
0
1705
5770
4384
3840
3874
3846
4080
4640
5079
5109
4992
5213
6247
6429
5181
4235
4085
4028
3973
4008
3967
3724
3345
2766
2421
2363
2446
2417
2379
2363
2346
2280
2238
2710
4418
7188
9316
8516
5472
2752
1672
1648
1802
1740
1498
1484
2148
3703
5997
7783
7291
4888
2370
1097
867
820
832
721
671
674
689
658
657
625
582
579
619
665
752
896
990
993
961
900
890
891
847
784
654
493
436
401
318
319
281
250
276
240
199
212
202
176
168
162
173
191
215
278
412
635
878
1059
1141
1038
781
535
312
195
136
117
119
112
104
112
104
106
88
94
103
116
108
113
104
97
108
115
125
138
157
172
163
142
126
117
117
101
74
63
67
69
60
52
55
65
68
65
66
76
78
89
87
86
84
71
66
62
55
45
45
50
48
52
52
47
49
49
43
43
44
56
59
60
63
77
81
83
82
87
80
70
59
56
54
52
54
56
58
66
67
62
59
61
66
53
49
47
50
49
36
37
28
27
25
24
22
19
18
20
21
25
19
19
40
56
69
88
111
131
133
115
97
82
64
49
38
28
32
26
15
7
6
10
11
11
10
11
12
9
7
8
9
8
8
8
7
9
9
0
