0
0
0
0
0
0
0
0
1700
5792
4388
3910
3842
3919
4074
4677
5140
5118
4957
5277
6296
6300
5079
4231
4065
4021
3932
3890
3920
3814
3404
2778
2485
2418
2414
2406
2367
2336
2279
2288
2236
2687
4556
7482
9367
8397
5216
2599
1650
1646
1794
1761
1552
1535
2275
4025
6355
7823
7112
4637
2251
1127
853
790
761
719
748
690
644
651
624
579
606
623
626
678
753
871
1020
1086
999
895
872
871
824
742
640
504
438
370
308
268
250
228
224
212
224
197
182
180
190
178
182
187
204
295
467
716
952
1114
1123
973
740
495
304
180
116
104
109
117
106
96
100
105
100
96
97
112
99
105
96
109
114
107
134
150
164
172
165
144
122
107
90
82
76
67
62
61
60
60
60
58
59
60
79
97
92
78
68
68
72
59
51
56
61
48
41
33
42
50
53
53
46
44
52
56
54
53
61
70
71
72
84
91
93
80
63
59
61
56
53
57
56
53
61
63
61
54
56
58
55
53
53
52
51
50
46
41
35
29
25
27
26
21
17
21
22
22
24
27
34
43
86
94
87
117
110
107
106
99
77
56
38
23
20
13
8
11
11
10
10
10
12
11
10
9
9
9
11
8
5
6
13
9
7
0
