0
0
2384
7186
3804
4064
3941
4073
4196
4995
5448
5261
5038
5147
7135
6803
4790
4211
4195
4176
4037
3983
4085
4000
3581
2807
2547
2493
2492
2486
2445
2417
2347
2383
2268
2435
4066
7432
10120
9857
5841
2472
1518
1619
1901
1887
1683
1370
1878
3443
6073
8269
8068
5518
2701
1255
901
820
804
727
788
731
664
668
685
573
623
644
649
644
776
813
1021
1145
1121
910
899
901
900
779
730
542
476
407
336
281
269
236
240
210
242
208
194
177
204
186
176
205
181
248
396
628
934
1118
1237
1088
860
583
349
213
118
107
108
126
113
100
103
109
104
100
96
120
101
112
96
109
128
97
138
155
165
187
167
167
114
125
86
87
80
70
63
62
62
60
67
57
64
56
82
105
94
80
70
72
76
60
52
59
65
47
41
31
47
54
56
57
42
48
58
58
53
55
68
81
65
82
90
99
98
72
60
63
62
53
58
60
54
57
72
59
68
47
67
55
57
52
59
48
55
48
44
37
31
23
29
27
22
16
23
23
24
26
28
37
44
91
99
88
125
112
110
109
101
73
54
34
19
23
7
12
12
11
11
10
13
12
11
10
10
10
12
9
6
6
14
10
8
11
9
9
13
10
6
8
4
194
