0
0
2552
7034
3724
3879
3919
4079
4355
4885
5233
5290
5127
5012
7167
6838
4832
4184
4361
4074
4053
3948
4147
3900
3563
2794
2628
2392
2402
2561
2384
2410
2378
2391
2270
2378
4113
7276
10395
9880
5943
2537
1433
1645
1912
2008
1675
1429
1894
3422
5927
8094
8185
5654
2704
1294
922
837
795
789
704
685
749
657
685
625
606
597
666
697
727
906
1002
1150
1048
1005
876
941
889
767
692
536
497
380
313
319
285
276
255
223
247
212
210
187
189
165
151
165
198
239
386
647
870
1110
1196
1143
844
551
325
167
140
118
101
108
112
108
98
106
105
106
103
111
110
96
109
91
96
124
118
154
139
168
142
142
132
100
126
83
83
72
80
53
61
62
54
79
79
62
72
83
113
88
77
87
73
65
57
50
51
58
53
59
54
58
55
60
34
40
49
37
65
50
65
68
75
93
79
96
72
83
85
73
67
71
58
51
65
49
66
69
67
78
72
54
55
70
43
42
33
41
27
32
31
28
28
20
18
21
14
23
33
36
27
55
51
91
98
121
129
140
123
110
90
61
43
22
30
21
12
16
11
16
18
10
11
5
20
7
8
10
14
8
8
12
7
10
7
8
10
3
8
5
2
3
5
241
