0
0
0
0
0
0
0
0
1808
5689
4308
3743
3776
3909
4164
4607
4965
5075
4986
5207
6228
6356
5145
4261
4111
4009
3904
3872
3928
3769
3405
2786
2539
2328
2322
2471
2312
2323
2301
2292
2227
2609
4351
7185
9334
8638
5619
2825
1660
1621
1823
1834
1609
1534
2131
3687
5941
7689
7491
5089
2435
1202
881
803
768
748
682
677
694
653
641
607
586
599
641
676
754
876
998
1058
1014
940
877
889
836
732
642
513
463
358
302
303
274
264
242
222
228
209
198
185
176
160
151
165
195
264
419
638
865
1052
1127
1043
796
527
313
173
135
114
98
103
108
105
95
101
102
101
100
105
105
97
99
93
95
110
121
135
143
148
145
136
126
110
108
93
80
74
73
59
56
58
55
69
75
65
66
75
99
92
79
79
77
66
58
52
48
52
54
53
56
53
56
54
48
34
40
44
44
58
52
62
66
77
84
82
83
75
78
78
71
67
64
57
54
56
55
60
65
66
71
68
56
54
60
47
40
33
37
29
28
29
29
28
22
19
18
16
18
27
31
30
40
50
67
89
103
118
128
130
114
101
79
56
37
22
28
20
11
15
11
14
16
10
9
7
15
10
6
8
11
10
7
9
9
7
8
0
