0
0
0
0
0
0
0
0
1830
5864
4403
3852
3855
3919
4133
4617
5038
5126
4992
5276
6352
6409
5108
4226
4081
3973
3865
3874
3943
3829
3339
2762
2475
2474
2412
2304
2366
2341
2354
2317
2185
2653
4381
7299
9387
8464
5345
2668
1630
1624
1825
1799
1559
1522
2196
3823
6160
7859
7289
4745
2301
1132
879
814
761
697
676
676
667
635
629
614
626
640
648
698
775
863
981
1036
961
877
845
856
833
712
653
509
396
391
365
319
285
258
252
223
198
220
205
195
176
175
177
177
204
282
431
632
864
1069
1144
1039
794
523
326
188
134
108
98
106
90
96
103
103
103
119
115
114
113
120
116
106
102
118
138
156
156
142
136
134
127
118
105
87
69
61
61
57
57
52
55
58
66
68
73
69
81
80
79
80
76
65
54
46
58
60
58
51
42
41
47
48
46
45
45
49
52
45
51
61
66
72
87
99
94
77
73
68
61
61
53
55
59
57
59
62
61
59
64
68
63
51
48
47
41
41
39
35
32
28
22
24
22
16
25
14
18
19
28
30
42
57
70
82
105
118
119
125
117
96
75
61
46
28
21
17
12
13
11
9
10
13
10
11
6
7
7
10
7
7
11
6
6
6
6
0
