0
0
2569
7237
3798
3995
3983
4065
4301
4893
5329
5332
5084
5111
7265
6943
4734
4195
4288
4068
3965
3984
4119
4037
3454
2803
2526
2567
2496
2381
2448
2417
2436
2433
2180
2462
3983
7247
10387
9777
5826
2457
1471
1590
1940
1966
1643
1382
1892
3389
5965
8316
8156
5450
2663
1233
923
852
802
726
698
696
706
650
660
631
631
681
645
702
776
871
962
1132
1029
901
876
862
929
731
716
567
410
410
390
339
303
267
267
242
192
237
210
209
182
174
194
170
201
243
396
592
836
1089
1236
1144
903
563
370
192
142
114
98
114
94
99
107
107
105
124
118
117
115
127
120
111
97
124
140
169
167
140
142
143
128
124
109
90
69
60
69
54
63
50
60
59
71
71
77
70
87
81
84
85
76
65
53
46
67
60
60
50
39
48
51
48
47
48
44
62
46
47
60
69
67
84
100
109
84
72
82
57
71
55
50
67
56
59
67
66
56
70
68
76
49
50
54
38
45
41
35
34
29
21
26
22
16
28
13
21
21
32
34
48
63
77
89
119
125
123
135
111
91
65
61
34
22
20
13
14
12
10
11
14
11
12
7
8
8
12
7
8
14
5
8
6
8
5
5
6
6
11
8
4
0
175
