0
0
0
0
0
0
0
0
1839
5904
4403
3928
3970
3898
4126
4633
4993
5084
5079
5335
6231
6320
5181
4290
4094
4026
3894
3867
3960
3837
3324
2805
2525
2391
2373
2407
2418
2344
2246
2279
2291
2642
4369
7330
9356
8457
5372
2683
1661
1645
1796
1751
1558
1553
2231
3850
6049
7677
7184
4799
2352
1170
848
791
751
729
679
667
660
667
633
618
601
601
631
683
774
904
998
1047
994
889
875
874
821
732
615
508
420
363
362
313
273
265
242
221
222
221
196
176
173
165
171
182
218
305
446
650
900
1097
1135
1003
764
491
300
198
149
104
95
95
97
116
107
104
102
90
112
111
102
103
98
93
99
108
130
142
144
140
137
127
114
106
104
99
85
71
64
61
59
55
52
54
55
63
72
82
78
79
83
80
64
63
61
48
50
55
49
50
54
52
46
43
49
53
51
44
42
50
57
65
75
80
88
93
83
79
76
65
66
64
58
56
54
50
51
52
53
55
54
56
57
57
55
49
40
41
41
40
35
30
24
27
24
22
22
23
21
20
27
26
35
50
61
81
103
113
120
119
106
90
67
46
39
31
18
15
12
8
7
9
6
9
6
9
13
10
11
8
8
4
9
9
5
9
7
0
