0
0
2582
7288
3782
4100
4107
3998
4312
4921
5250
5258
5256
5207
7006
6849
4930
4233
4247
4188
3975
3955
4153
4053
3415
2858
2598
2461
2450
2488
2503
2430
2307
2362
2355
2427
3928
7325
10309
9749
5925
2438
1521
1627
1917
1883
1636
1438
1894
3466
5835
8106
8003
5537
2721
1292
889
828
778
767
703
695
670
711
649
648
620
614
632
694
747
903
1037
1071
1114
896
896
923
872
792
667
549
456
374
387
337
283
279
257
229
229
236
212
175
189
162
181
172
215
261
424
583
880
1125
1244
1089
880
539
327
205
168
106
98
100
97
121
111
108
107
90
117
117
104
109
103
93
106
101
142
147
154
139
149
131
118
105
112
105
88
70
67
61
65
54
53
57
56
68
77
87
79
84
88
81
63
67
63
45
55
58
46
56
57
53
42
48
55
57
50
40
48
57
63
75
82
85
101
91
78
88
67
70
70
61
56
62
49
55
53
54
59
54
60
58
60
55
58
35
47
41
46
35
33
22
29
24
22
24
23
21
22
30
25
40
56
68
90
115
120
128
121
102
87
56
39
44
21
16
14
9
8
10
7
10
7
10
14
11
12
9
10
3
11
12
4
12
6
7
7
8
3
5
7
5
8
167
