0
0
2484
7340
3761
3949
3901
4072
4355
5011
5346
5180
5130
5099
6976
6884
4694
4207
4341
4022
4096
4033
4056
3875
3363
2717
2569
2511
2451
2545
2473
2392
2485
2330
2324
2591
4077
7427
10520
9718
5828
2441
1530
1598
1917
1923
1585
1414
1893
3313
5900
8224
8148
5547
2609
1222
896
816
807
834
738
655
733
685
638
639
603
623
626
716
776
861
1015
1119
1084
953
890
915
860
793
698
542
442
416
385
328
262
271
262
211
216
213
201
200
192
171
175
145
215
255
386
631
927
1130
1238
1075
889
579
307
224
128
111
111
98
104
98
96
113
98
108
102
117
104
111
120
95
103
118
130
155
186
164
159
170
119
129
96
74
94
68
65
66
64
54
74
70
68
88
79
82
89
82
96
67
72
66
58
54
55
56
46
59
60
63
52
50
46
52
47
52
62
52
56
62
76
62
95
85
101
76
67
65
57
62
46
68
50
75
69
64
65
56
44
54
55
63
57
38
48
34
30
34
38
28
25
26
26
16
26
23
19
18
31
46
61
76
87
131
139
136
119
122
98
61
45
35
26
24
14
10
16
15
16
8
7
8
10
5
9
5
11
7
8
9
11
9
10
7
7
5
9
5
7
7
4
226
