0
0
0
0
0
0
0
0
1771
5923
4388
3813
3787
3910
4181
4714
5070
5053
4976
5245
6204
6283
5061
4232
4104
3988
3935
3923
3889
3697
3236
2693
2496
2430
2380
2460
2391
2324
2382
2266
2298
2786
4538
7519
9514
8412
5245
2626
1651
1637
1806
1751
1527
1541
2212
3835
6164
7801
7231
4721
2217
1110
850
789
786
784
694
654
693
651
621
606
593
601
639
706
777
885
1005
1057
1001
910
877
864
813
738
628
495
421
394
356
299
255
259
239
205
209
203
195
191
179
168
158
169
215
292
454
698
942
1111
1124
988
766
494
293
193
125
108
105
96
99
94
94
106
96
104
100
111
102
108
110
94
101
114
129
154
169
161
156
147
128
114
94
81
80
70
63
62
61
58
67
68
67
81
78
78
85
80
90
67
67
64
58
53
52
53
47
53
57
59
54
49
46
47
48
48
54
56
52
57
65
69
76
89
88
85
69
64
59
57
52
54
56
60
68
65
62
59
50
47
50
55
57
50
42
40
34
31
32
33
29
25
24
24
17
23
23
19
18
29
42
57
70
81
119
131
132
120
117
101
70
49
37
29
24
18
12
11
15
14
13
7
6
7
8
4
8
5
10
6
7
7
9
9
8
0
