0
0
0
0
0
0
0
0
1819
5967
4374
3878
3853
3841
4147
4724
5090
5100
4992
5287
6321
6333
5094
4284
4130
4031
3927
3914
3970
3788
3230
2723
2558
2483
2399
2344
2337
2324
2325
2302
2234
2769
4683
7556
9455
8288
5116
2561
1651
1663
1839
1784
1527
1509
2260
4026
6311
7806
7071
4560
2166
1108
806
764
778
707
679
633
655
625
618
580
572
614
650
686
767
902
983
987
930
881
890
888
813
714
620
517
425
353
348
307
271
250
231
226
211
221
205
183
186
177
170
172
222
316
465
699
935
1112
1153
992
712
453
269
167
130
124
119
106
95
101
96
98
113
106
99
104
111
103
100
102
106
107
137
154
161
157
153
139
117
96
84
79
71
62
57
59
59
55
52
58
69
69
65
85
91
92
78
69
75
59
55
46
68
55
47
53
54
55
55
57
52
47
40
45
57
62
63
68
75
82
86
83
80
77
68
66
62
60
64
69
63
59
63
60
57
56
57
60
72
67
57
52
49
39
33
31
30
30
31
30
33
24
17
23
21
15
20
34
37
50
77
92
127
116
120
128
100
97
69
58
42
29
26
17
13
15
11
6
7
6
5
9
8
10
10
10
10
10
5
9
6
4
9
0
