0
0
2540
7353
3746
4034
3962
3956
4334
5022
5352
5255
5113
5105
7174
6858
4768
4290
4294
4149
4029
4000
4160
4011
3326
2756
2638
2568
2478
2420
2413
2399
2401
2402
2249
2491
4250
7348
10362
9657
5785
2467
1507
1654
1897
2004
1593
1389
1797
3468
5944
8247
8069
5501
2610
1255
851
777
831
732
728
637
692
641
652
615
566
622
664
691
739
869
1038
1025
1009
897
905
940
891
761
689
562
485
361
374
334
286
268
239
244
214
229
228
185
200
182
186
163
196
279
400
600
903
1099
1248
1150
852
532
323
180
135
128
125
115
96
106
101
97
118
111
103
106
117
107
104
102
116
96
141
157
172
161
159
152
126
102
83
85
75
65
55
63
61
58
50
59
74
75
60
90
95
98
79
71
80
61
56
47
73
55
47
57
55
58
56
61
51
48
37
49
65
65
65
74
80
88
93
77
93
71
70
66
62
61
71
73
58
66
68
58
59
60
59
64
85
56
58
48
52
29
37
28
32
32
29
40
28
13
27
23
14
19
37
39
50
80
95
133
119
125
134
101
101
66
58
39
26
28
13
15
17
8
6
10
4
10
9
11
11
11
11
13
5
10
7
3
11
5
6
8
4
7
7
4
5
212
