0
0
0
0
0
0
0
0
1810
5895
4405
3887
3800
3840
4120
4664
4994
5058
5015
5264
6267
6337
5135
4306
4122
4055
3963
3895
3888
3756
3365
2816
2490
2379
2358
2410
2405
2240
2360
2260
2256
2702
4483
7402
9488
8556
5327
2648
1642
1667
1882
1810
1522
1496
2237
3914
6200
7750
7133
4686
2232
1102
830
812
807
743
689
673
661
654
625
607
582
587
618
653
742
882
994
1012
956
902
857
823
807
726
584
473
405
364
324
274
264
242
229
241
233
215
227
198
179
168
163
180
220
298
469
691
917
1111
1172
1035
771
500
297
192
140
107
108
106
100
87
98
91
96
104
110
93
101
93
101
101
104
112
135
152
152
151
146
129
113
110
102
89
83
80
66
58
58
58
60
63
69
63
68
88
86
98
100
80
76
56
60
53
50
53
63
55
48
53
56
52
41
42
46
44
48
47
55
65
64
73
82
89
92
89
83
71
58
53
56
57
63
64
61
58
54
53
52
54
55
49
48
49
47
43
38
36
37
33
31
29
27
26
20
19
25
20
26
26
41
55
78
93
93
120
123
134
110
95
74
56
37
34
23
13
13
14
15
10
12
11
10
12
7
8
12
8
9
4
9
7
9
9
7
0
