0
0
2539
7283
3798
4036
3896
3979
4299
4964
5229
5228
5185
5057
7112
6882
4800
4344
4230
4209
4079
3991
4050
3932
3515
2871
2552
2452
2431
2489
2497
2296
2460
2331
2292
2472
4044
7271
10334
10028
5902
2516
1501
1589
2028
1987
1624
1315
1887
3394
5923
8180
8047
5532
2648
1226
862
838
850
785
716
700
681
689
647
635
608
581
640
652
712
860
1024
1077
1015
933
911
842
850
808
643
515
434
387
357
285
279
257
233
249
253
213
246
212
187
175
167
171
213
261
389
651
872
1112
1265
1176
887
585
332
203
160
106
114
109
109
87
104
93
100
106
118
95
107
93
106
103
109
110
136
163
154
160
150
144
103
122
107
93
80
92
66
55
64
56
65
65
76
63
69
96
87
104
104
81
77
56
63
53
51
57
69
53
48
59
56
55
33
53
43
48
53
40
72
61
70
82
88
98
92
95
79
69
52
59
55
63
70
64
61
57
52
59
48
63
52
45
56
46
50
38
36
43
32
35
30
26
30
19
20
28
19
28
25
45
59
83
100
95
130
127
142
105
96
69
53
31
40
12
17
10
21
10
13
12
10
15
8
9
13
9
10
5
10
8
10
9
9
3
9
5
3
3
3
5
4
215
