0
0
0
0
0
0
0
0
1818
5884
4386
3780
3834
3827
4113
4698
5132
5168
5023
5227
6241
6391
5200
4349
4174
4020
3902
3928
3961
3786
3322
2746
2539
2426
2400
2408
2374
2384
2345
2316
2286
2667
4511
7350
9377
8416
5298
2676
1682
1665
1818
1771
1527
1505
2222
3897
6172
7714
7144
4634
2291
1099
871
782
776
723
698
650
644
613
627
586
585
617
639
693
787
926
1029
1024
954
885
842
839
821
703
581
489
434
384
348
306
279
257
262
233
209
216
210
203
187
174
165
172
223
312
451
668
915
1078
1119
1017
782
525
317
186
124
108
108
99
91
96
97
92
103
91
94
121
104
98
94
101
99
108
126
142
153
163
150
134
120
105
89
69
60
56
59
62
57
57
59
57
56
66
81
78
71
85
87
88
74
55
49
52
56
52
59
49
48
50
45
50
47
40
39
42
46
51
57
61
69
81
81
82
92
82
71
62
69
67
55
60
58
57
64
63
58
56
56
52
51
54
52
51
50
41
36
37
33
29
28
25
28
21
14
16
17
17
27
29
41
39
65
76
97
119
132
115
101
90
82
58
33
23
18
16
14
13
18
8
10
6
4
10
5
7
7
6
11
7
9
6
5
7
11
0
