0
0
2551
7267
3779
3903
3980
3938
4304
4997
5431
5336
5156
5029
7053
6995
4851
4342
4378
4105
3988
4059
4145
3963
3458
2763
2623
2500
2479
2489
2453
2468
2423
2397
2353
2381
4166
7242
10326
9762
5814
2528
1510
1673
1906
1942
1620
1344
1889
3410
5988
8125
8050
5373
2702
1195
926
807
818
749
740
664
691
609
672
613
574
648
644
687
776
898
1083
1091
1011
922
877
845
899
764
632
521
466
405
372
324
297
263
279
251
214
226
217
214
198
181
171
165
200
293
399
606
890
1127
1176
1143
884
597
356
204
128
109
116
104
94
100
102
94
109
95
92
130
107
103
95
107
100
109
128
152
149
181
157
135
133
99
107
58
70
49
65
67
56
61
64
58
58
71
87
80
73
91
88
93
74
54
50
55
59
51
67
42
56
49
45
59
42
41
42
47
49
55
65
61
81
91
72
99
92
77
70
58
87
50
64
62
56
65
72
58
58
58
61
44
64
51
54
56
43
35
42
34
28
32
24
32
20
14
18
18
17
29
33
45
39
75
81
108
131
139
110
102
87
85
43
28
19
17
19
8
25
9
12
8
4
12
6
8
8
6
12
8
11
6
7
6
14
10
10
7
3
7
8
6
9
199
