0
0
2486
7145
3776
4092
4025
3978
4336
5021
5359
5284
5063
5101
7178
6954
4793
4285
4175
4177
3997
4075
4172
3993
3437
2864
2394
2442
2512
2480
2486
2400
2356
2346
2375
2444
4221
7293
10237
9929
5855
2368
1466
1602
1795
1918
1584
1437
1868
3286
5953
8196
8177
5480
2737
1274
900
936
774
697
734
674
704
681
600
640
591
615
647
692
752
861
1024
1027
1009
936
874
917
909
808
705
532
442
424
333
299
290
251
246
230
237
231
207
180
183
184
174
174
214
263
401
609
928
1210
1242
1091
874
564
361
214
151
117
99
107
111
93
101
88
93
99
111
141
106
128
104
119
103
100
127
161
146
170
177
153
137
110
84
101
71
68
59
77
59
50
54
65
74
75
93
83
78
66
76
72
68
74
73
52
49
64
48
55
47
64
35
47
44
37
50
42
47
64
50
71
78
77
87
93
86
90
72
77
60
71
44
49
77
53
69
67
63
69
54
66
65
57
46
31
34
33
42
37
38
28
33
28
15
13
19
21
25
13
27
49
68
63
84
133
125
117
120
116
105
61
34
42
29
15
14
9
9
15
10
8
11
11
13
12
13
15
19
8
13
15
5
3
9
10
9
7
4
6
6
5
4
203
