0
0
0
0
0
0
0
0
1772
5782
4359
3923
3910
3868
4147
4716
5092
5109
4969
5263
6325
6393
5145
4265
4072
4007
3928
3946
3987
3804
3324
2781
2369
2367
2428
2401
2402
2322
2283
2276
2308
2729
4590
7402
9404
8482
5257
2564
1607
1591
1746
1729
1532
1547
2203
3851
6204
7797
7224
4682
2313
1147
876
867
731
682
695
660
674
635
597
599
584
604
639
688
764
887
973
987
950
889
867
881
844
751
628
489
423
383
313
287
270
242
234
223
228
216
193
176
176
174
170
183
222
304
456
694
975
1151
1140
989
751
502
315
197
140
110
98
103
103
91
95
85
90
97
112
130
107
117
105
110
101
104
128
147
150
161
163
148
128
104
91
86
74
64
62
66
59
51
52
61
69
74
86
82
76
64
72
71
67
70
71
54
48
58
50
51
49
55
44
40
43
39
42
45
44
52
57
60
71
75
79
86
87
83
78
71
66
62
55
45
60
62
59
64
63
62
60
59
62
61
52
40
32
31
34
37
36
34
29
29
25
16
14
17
19
22
14
25
45
63
62
78
121
122
115
115
113
104
71
42
37
33
21
14
11
8
10
12
9
8
10
10
12
11
12
14
16
7
12
13
5
3
7
0
