0
0
2483
7157
3770
4063
4040
4063
4337
4965
5309
5165
5173
5095
7235
6935
4657
4172
4122
4117
4178
4000
4132
3959
3430
2804
2640
2588
2389
2422
2406
2421
2512
2384
2289
2478
4146
7327
10253
9728
5879
2522
1505
1541
1866
1940
1577
1373
1870
3412
6022
8211
8134
5524
2643
1262
922
879
771
721
715
738
700
652
639
625
612
629
628
725
758
898
1035
1096
1090
887
901
905
936
772
710
533
421
406
337
343
285
271
276
219
247
203
198
178
171
173
155
199
191
267
398
636
851
1142
1225
1125
827
599
315
187
131
115
130
114
97
109
103
100
78
111
91
110
122
111
111
102
114
119
136
127
143
174
169
161
139
93
112
95
62
76
52
52
70
57
65
65
60
81
97
82
70
92
74
85
65
77
59
64
65
60
47
64
51
53
48
44
52
52
49
48
50
60
61
69
81
70
70
95
81
87
61
64
83
79
54
57
72
77
77
60
78
47
54
75
59
47
52
42
36
46
31
34
24
32
24
21
26
17
13
20
22
18
39
41
59
84
96
131
138
132
95
101
86
60
46
36
22
18
11
21
11
13
7
6
9
10
7
11
8
15
12
7
11
12
11
10
7
6
10
4
3
10
5
11
6
178
