0
0
0
0
0
0
0
0
1768
5767
4359
3893
3909
3927
4156
4664
5024
5035
4987
5281
6316
6386
5072
4161
3999
3992
3993
3931
3939
3782
3320
2776
2565
2494
2316
2341
2327
2346
2406
2305
2257
2693
4440
7249
9265
8483
5482
2777
1655
1575
1765
1760
1526
1490
2143
3765
6090
7777
7373
4901
2340
1168
884
832
737
697
696
702
668
632
616
603
598
605
640
697
775
893
1000
1049
990
885
870
882
860
739
649
495
405
380
325
321
273
262
254
220
226
199
187
172
167
162
165
182
209
286
437
642
876
1081
1142
1021
780
539
306
182
128
114
122
110
93
105
99
96
80
103
92
105
114
110
106
102
108
116
124
127
139
158
164
153
131
105
99
91
70
65
56
51
62
58
60
62
59
73
88
83
71
83
76
78
69
70
63
59
61
60
52
53
56
49
50
45
45
50
50
47
46
51
58
60
70
75
68
76
86
81
74
62
67
76
68
56
58
67
72
70
66
63
52
55
64
58
49
47
42
36
40
32
31
25
28
25
22
23
18
14
16
19
19
30
37
49
70
86
110
128
131
111
93
92
74
54
42
31
21
16
11
19
10
12
6
6
7
8
7
9
8
12
12
8
8
10
11
10
8
0
