0
0
0
0
0
0
0
0
1762
5813
4381
3968
3817
3913
4179
4687
5066
5151
5049
5304
6315
6429
5183
4331
4216
4077
3909
3819
3916
3730
3363
2753
2477
2395
2360
2429
2374
2329
2340
2262
2206
2676
4418
7339
9492
8551
5397
2690
1631
1620
1829
1802
1549
1505
2154
3780
6105
7714
7252
4747
2294
1163
830
798
786
742
700
656
664
639
609
575
576
606
645
681
750
884
972
977
948
877
844
854
798
719
624
496
408
381
344
299
273
246
221
217
212
195
194
189
167
161
166
177
206
278
425
633
864
1069
1130
1012
790
536
335
199
126
104
102
96
109
91
97
108
106
121
109
97
103
103
97
94
96
113
119
127
140
145
147
143
125
109
100
90
77
71
66
66
56
56
59
61
57
83
70
74
85
76
76
83
74
73
74
66
53
53
59
53
51
56
54
47
43
47
43
43
51
60
66
76
79
75
79
90
97
91
75
62
71
66
59
59
63
59
54
54
58
66
65
58
52
48
46
49
48
46
42
33
34
36
35
27
22
21
18
22
21
15
27
30
34
53
57
82
102
128
123
119
112
93
71
56
39
24
20
20
18
12
8
11
10
8
12
6
8
6
12
12
8
8
12
8
9
4
7
0
