0
0
2474
7197
3781
4152
3892
4084
4357
4979
5332
5356
5163
5158
7134
7042
4783
4310
4468
4141
4072
3819
4188
3837
3544
2770
2544
2474
2435
2512
2455
2403
2431
2350
2221
2470
4046
7235
10542
9863
5884
2485
1463
1588
1935
1988
1619
1379
1853
3322
5970
8113
8112
5460
2641
1286
865
825
822
774
740
668
698
662
645
592
581
618
656
700
730
861
1047
1001
1009
934
837
912
846
765
681
542
428
402
368
317
288
262
229
225
227
200
201
206
172
161
174
175
202
246
379
596
838
1084
1241
1096
892
588
371
216
131
106
109
96
116
95
100
112
108
127
114
99
108
109
99
101
89
125
120
129
150
150
152
160
123
112
103
95
75
75
64
76
51
62
62
66
54
94
69
80
91
77
81
88
73
77
76
66
49
58
64
49
57
59
54
42
50
46
43
47
62
63
77
84
78
80
84
105
95
96
56
74
77
58
61
65
69
50
60
52
73
71
60
54
49
46
55
47
50
47
30
38
37
38
26
22
21
18
24
20
14
33
33
38
60
60
95
112
145
119
126
108
87
61
54
27
21
21
20
14
8
12
11
8
14
7
9
6
13
14
8
10
15
7
12
3
10
5
7
9
9
6
9
4
3
185
