0
0
2414
7133
3786
3894
3984
4002
4206
5062
5358
5215
5195
5104
7097
7023
4847
4240
4239
4170
4035
4081
4086
3883
3478
2826
2556
2472
2443
2421
2469
2351
2366
2326
2291
2372
4087
7203
10405
9716
5728
2522
1491
1648
1938
1914
1601
1410
1916
3397
5959
8317
8101
5510
2700
1281
862
864
790
728
745
748
680
708
649
631
607
598
646
683
770
910
1001
1068
1029
927
875
895
906
786
708
503
470
422
383
321
294
291
255
248
237
236
225
181
173
174
159
182
218
256
392
569
952
1183
1281
1124
834
549
342
219
145
121
111
109
109
116
95
92
96
124
126
92
111
108
122
109
117
125
166
157
146
147
146
120
123
112
113
86
82
85
57
59
62
55
77
63
69
80
85
72
111
104
83
82
64
58
62
53
57
46
48
49
58
57
56
53
58
43
45
49
56
67
67
57
69
78
70
90
92
97
76
60
55
56
59
75
63
50
71
62
61
79
55
68
71
67
57
53
43
33
44
30
26
23
25
17
27
22
17
21
16
29
39
43
61
59
94
112
136
130
130
117
97
76
55
42
38
20
9
8
12
14
7
14
12
15
9
12
8
14
6
11
10
7
8
9
9
13
9
10
6
8
6
8
5
200
