0
0
0
0
0
0
0
0
1729
5778
4357
3778
3842
3878
4071
4721
5101
5089
5026
5297
6312
6407
5164
4269
4094
4029
3950
3944
3919
3724
3319
2778
2492
2398
2366
2348
2383
2279
2287
2251
2237
2660
4542
7476
9484
8301
5100
2565
1647
1673
1828
1748
1525
1565
2311
4013
6347
7860
7088
4580
2230
1127
835
816
749
709
721
704
666
666
624
604
587
599
637
695
798
908
990
1011
955
884
860
869
827
734
607
475
437
394
349
302
283
270
245
237
229
225
202
173
168
162
163
189
224
304
448
710
995
1170
1162
972
705
464
294
189
135
115
108
106
107
106
92
90
100
120
113
94
107
107
115
107
114
132
156
150
143
141
133
121
115
110
100
86
81
72
60
57
58
60
67
64
67
76
78
78
102
98
82
79
63
56
60
52
54
45
45
47
54
56
55
52
53
46
42
46
53
61
64
61
63
70
72
79
88
90
81
64
55
53
56
65
66
54
59
64
61
69
63
60
65
66
60
55
48
38
36
35
29
25
23
22
21
23
21
18
18
19
29
36
43
58
60
91
108
130
125
125
114
95
76
57
43
37
24
12
8
9
12
9
9
12
12
12
9
10
9
11
6
10
9
6
7
8
8
0
