0
0
2533
7191
3807
4013
3950
3920
4382
4927
5344
5200
5247
5178
7081
6847
4707
4217
4243
4131
4119
4010
4120
4040
3462
2945
2642
2525
2396
2441
2394
2429
2375
2355
2353
2454
4126
7211
10367
9713
5960
2467
1560
1572
1875
2033
1668
1395
1930
3378
5877
8218
8046
5417
2657
1279
941
833
820
746
689
759
715
685
639
608
629
619
649
668
747
853
1053
1069
1038
943
903
867
929
776
708
537
485
400
329
310
288
305
235
222
227
212
230
179
190
181
187
181
170
249
389
597
934
1130
1169
1079
872
529
302
233
134
117
123
124
103
115
99
110
92
109
118
111
123
115
104
122
108
106
136
157
149
144
127
112
139
88
97
73
84
81
76
52
70
54
72
57
60
74
83
75
101
78
83
86
77
87
54
55
58
55
50
64
57
61
63
60
49
45
48
54
47
45
73
64
70
85
78
90
86
89
73
65
75
68
60
55
55
62
67
64
77
41
60
71
57
60
43
49
47
40
26
29
23
25
14
27
18
13
21
15
15
26
24
39
63
74
102
107
131
139
127
98
77
77
43
32
20
19
16
9
15
12
6
8
6
9
15
5
11
18
9
8
12
13
9
11
10
10
4
6
12
6
6
3
3
210
