0
0
0
0
0
0
0
0
1804
5823
4401
3868
3835
3807
4156
4662
5045
5077
5054
5330
6261
6300
5067
4221
4077
4024
3968
3925
3950
3832
3366
2879
2574
2441
2324
2360
2318
2344
2299
2281
2295
2701
4463
7299
9360
8464
5399
2714
1668
1611
1811
1830
1585
1545
2220
3806
6088
7763
7201
4707
2301
1170
889
803
777
709
682
721
686
652
613
597
603
610
630
672
751
886
999
1021
973
909
866
862
847
737
639
507
447
370
314
295
280
278
225
215
215
210
206
179
180
177
179
173
193
280
432
671
928
1080
1095
986
756
478
294
204
132
115
118
117
101
109
96
104
90
106
113
109
116
110
105
113
107
109
130
145
145
136
123
118
116
99
87
78
77
79
70
58
61
58
64
58
58
68
78
73
93
79
78
81
77
82
59
52
55
54
50
56
58
57
59
58
52
46
45
48
49
46
55
66
64
74
80
80
86
84
79
68
67
69
63
57
54
55
60
62
66
59
52
58
62
58
53
46
45
44
37
27
26
23
22
17
23
19
13
19
16
15
23
24
34
55
67
90
100
118
131
127
106
83
74
57
36
26
19
17
13
9
14
10
5
7
5
8
13
5
11
15
9
8
10
11
9
9
10
0
