0
0
0
0
0
0
0
0
1816
5909
4507
3884
3904
3849
4099
4595
5022
5152
5084
5345
6317
6384
5131
4267
4116
4062
3952
3873
3952
3806
3326
2751
2488
2405
2369
2434
2357
2340
2350
2302
2215
2701
4502
7400
9416
8369
5269
2655
1660
1630
1773
1729
1530
1540
2234
3900
6190
7740
7161
4715
2283
1152
875
825
740
688
691
681
656
662
617
591
590
589
622
668
747
883
986
1015
945
850
837
846
823
727
580
504
434
379
329
312
295
292
265
233
233
209
183
201
181
174
173
177
200
283
444
670
903
1090
1130
996
751
498
307
190
143
106
91
90
99
118
106
96
80
101
98
110
107
111
103
101
97
104
126
144
153
159
147
127
109
100
91
81
76
71
60
50
53
61
63
60
64
64
63
85
85
86
88
84
65
50
55
55
51
41
45
38
47
52
45
46
47
52
57
54
53
59
65
65
63
68
84
93
92
86
73
71
72
67
63
68
71
64
60
58
58
60
58
58
60
56
53
52
42
32
32
34
31
25
23
19
19
14
18
16
15
24
22
31
44
51
71
84
131
132
123
126
99
100
74
58
41
31
26
19
16
11
7
11
10
13
11
12
6
9
12
7
9
11
7
10
5
10
5
0
