0
0
2548
7299
3930
3997
4042
3948
4286
4855
5301
5356
5208
5210
7079
7016
4738
4293
4244
4214
4086
3909
4168
3994
3461
2786
2555
2483
2439
2517
2435
2415
2431
2403
2228
2465
4092
7228
10396
9659
5899
2518
1522
1610
1872
1879
1609
1408
1878
3367
5927
8147
8083
5552
2701
1279
913
876
782
711
713
717
668
698
660
589
636
576
645
658
741
838
1041
1045
1057
869
847
889
861
825
618
547
465
413
344
330
305
308
288
241
243
236
174
221
188
180
177
182
186
240
382
602
875
1088
1239
1105
880
559
363
196
160
114
93
95
96
125
111
105
78
105
100
114
110
118
106
107
100
102
126
155
151
176
152
137
107
108
94
81
78
74
66
46
54
66
67
59
69
66
63
91
87
90
92
85
66
50
58
56
52
40
50
35
54
56
41
53
44
61
57
54
54
68
68
68
60
77
98
92
103
78
73
76
74
66
64
77
70
61
59
58
63
65
55
66
59
54
55
52
28
33
40
32
25
25
18
24
13
20
16
13
26
21
34
47
55
76
89
143
134
126
133
94
108
64
57
34
32
22
17
18
4
13
9
15
11
15
7
10
14
8
10
12
8
12
5
13
4
12
5
2
2
5
4
6
4
203
