0
0
0
0
0
0
0
0
1726
5843
4337
3855
3884
3890
4140
4683
5071
5126
5012
5257
6272
6367
5155
4329
4158
4093
3981
3883
3926
3805
3324
2843
2534
2461
2354
2412
2405
2280
2341
2228
2243
2736
4490
7282
9365
8481
5378
2692
1650
1592
1747
1734
1550
1529
2166
3804
6150
7772
7238
4713
2293
1092
826
814
759
708
655
702
663
645
604
589
604
613
638
695
780
878
950
1008
960
888
886
891
891
772
636
503
423
381
355
323
267
264
230
223
230
211
190
190
177
175
172
183
210
271
426
647
889
1078
1134
1003
742
482
296
195
141
117
108
108
104
100
97
102
103
107
115
113
115
99
110
96
108
122
137
139
152
160
150
131
112
100
91
83
71
65
63
61
56
54
58
58
57
75
78
69
70
97
81
79
68
54
46
53
44
56
51
42
46
59
61
49
39
39
43
42
47
55
61
67
75
85
92
89
94
97
87
72
55
56
61
60
63
60
55
58
62
65
57
49
54
55
49
44
40
44
40
35
34
27
21
19
18
17
23
16
19
21
24
25
35
54
65
84
101
119
129
131
116
103
70
47
31
23
21
17
14
11
11
11
14
12
14
16
13
9
13
8
9
6
9
4
4
7
6
0
