0
0
2422
7251
3720
4019
4012
4015
4319
4980
5342
5307
5138
5081
7111
6945
4767
4396
4257
4261
4109
3942
4109
4016
3415
2915
2589
2551
2424
2492
2493
2344
2443
2293
2273
2506
4155
7133
10313
9805
5973
2482
1531
1561
1840
1877
1634
1420
1835
3296
5945
8181
8145
5480
2695
1204
854
855
793
755
657
743
683
681
631
597
624
634
640
695
772
882
981
1017
1091
862
948
883
974
836
703
547
452
402
372
356
275
286
240
228
241
229
192
204
181
181
184
168
221
229
366
600
852
1105
1215
1138
840
546
319
214
148
123
110
114
109
104
101
106
107
110
119
115
126
95
124
92
114
121
149
139
154
177
151
145
105
111
88
94
66
72
64
63
57
53
63
60
54
83
80
70
74
105
80
82
68
53
46
58
42
64
48
42
49
70
62
44
38
45
43
44
54
62
67
74
81
97
93
88
109
90
88
59
53
65
62
60
73
52
59
64
69
69
43
55
62
48
51
36
49
45
32
41
28
20
19
20
16
26
15
21
23
26
24
39
59
71
92
110
129
136
136
112
105
54
44
24
23
19
16
12
12
12
15
13
15
17
15
9
15
9
10
7
12
4
6
9
6
7
4
9
2
3
8
4
4
219
