0
0
2489
7210
3743
4014
3999
3973
4347
5072
5330
5374
5090
5166
7038
7048
4796
4372
4269
4127
4129
4067
4082
3959
3551
2775
2527
2538
2409
2408
2557
2294
2440
2379
2240
2503
4176
7191
10278
10012
5803
2383
1474
1643
1915
1856
1572
1390
1894
3425
5831
8207
7999
5466
2679
1271
862
845
837
740
665
690
675
675
639
592
582
597
608
661
717
853
1042
1052
1007
967
885
953
855
771
692
556
486
375
346
352
293
238
255
256
253
206
201
192
196
179
174
193
204
237
426
657
892
1081
1270
1109
914
548
352
190
152
110
111
116
86
118
98
105
108
120
99
107
117
114
110
130
125
116
146
146
163
171
150
148
121
106
103
88
61
75
69
65
71
54
58
66
76
78
77
87
92
72
78
82
62
57
60
42
67
59
43
57
65
59
58
48
48
48
35
46
38
53
51
57
96
88
88
91
77
88
65
73
53
74
62
67
51
73
59
58
61
57
66
56
58
63
46
52
35
42
40
34
32
23
27
19
12
27
18
15
25
18
30
37
53
85
104
128
131
145
134
110
95
67
50
35
25
23
22
16
19
8
12
9
4
5
13
5
5
11
7
11
1
5
8
7
5
4
6
7
9
10
6
4
6
207
