0
0
0
0
0
0
0
0
1774
5830
4348
3859
3874
3860
4158
4754
5099
5156
5018
5282
6289
6399
5185
4328
4132
4032
3986
3955
3927
3785
3378
2750
2472
2445
2336
2339
2460
2238
2350
2286
2229
2747
4558
7370
9449
8503
5225
2558
1626
1653
1792
1711
1502
1532
2264
3913
6157
7749
7084
4636
2259
1134
831
815
786
697
649
665
654
642
605
573
569
580
607
656
743
889
992
999
963
907
890
881
803
721
626
517
435
354
336
323
268
234
246
246
231
198
192
186
183
173
175
188
208
301
487
707
915
1102
1145
1013
761
490
297
182
136
108
107
105
91
110
95
101
106
112
96
104
113
110
111
123
120
121
137
145
156
158
149
135
117
105
96
80
67
67
67
65
64
56
56
63
71
74
75
82
87
71
74
78
62
56
57
43
61
58
45
52
60
59
56
50
46
45
40
38
41
44
51
56
75
89
85
85
82
78
73
65
61
61
66
62
57
60
63
58
57
57
59
59
56
57
54
49
43
38
39
37
33
29
24
23
18
15
22
18
16
23
19
28
34
50
79
97
120
124
137
132
112
95
72
54
39
28
23
22
18
16
13
8
10
7
3
6
10
4
5
10
6
8
0
4
7
7
5
0
