0
0
2422
7245
3807
3920
4062
3948
4245
4923
5278
5249
5259
5145
7086
6963
4747
4305
4184
4100
4070
3935
4120
3973
3377
2742
2554
2485
2432
2503
2532
2355
2383
2431
2306
2488
4094
7326
10271
9716
5949
2549
1511
1666
1924
1943
1603
1368
1894
3366
5912
8183
8148
5620
2775
1223
908
871
808
744
695
683
708
683
644
640
638
588
667
699
792
848
1023
1072
963
914
887
901
917
795
708
599
489
391
371
347
270
250
249
240
239
223
203
191
196
161
153
170
218
239
406
617
889
1053
1283
1149
846
571
337
197
146
118
118
125
95
86
100
97
101
95
98
119
113
94
94
105
117
138
113
159
153
165
157
139
157
107
107
87
63
79
60
64
65
51
62
52
60
78
84
80
97
97
92
72
69
64
48
54
47
41
48
54
48
52
60
46
41
43
52
47
56
54
55
69
84
97
96
91
105
76
69
74
69
65
59
60
56
57
57
66
68
55
56
76
51
52
61
39
49
33
40
29
27
20
24
13
21
22
18
15
19
29
26
39
59
104
103
140
127
125
116
96
101
65
38
38
29
15
9
22
18
5
16
16
9
9
8
5
10
8
9
14
5
6
13
8
14
9
7
5
6
8
5
6
2
208
