0
0
0
0
0
0
0
0
1724
5818
4406
3796
3896
3848
4065
4612
5004
5085
5066
5309
6261
6374
5149
4264
4063
3980
3918
3868
3921
3779
3277
2714
2482
2405
2355
2420
2439
2288
2306
2327
2276
2696
4423
7261
9286
8486
5496
2789
1696
1657
1820
1777
1536
1500
2154
3731
6026
7757
7384
4967
2430
1130
872
831
770
711
671
666
676
652
626
619
602
601
643
702
771
872
981
993
928
881
864
873
852
752
661
557
453
374
353
320
258
241
240
233
228
212
195
187
178
158
153
176
209
281
434
650
869
1063
1166
1043
783
525
317
192
140
116
114
116
91
83
96
93
96
92
96
112
107
93
92
101
114
123
123
141
151
153
150
143
137
117
100
85
69
69
63
60
61
53
56
52
56
71
79
79
89
92
90
75
68
63
52
49
48
42
42
49
50
47
53
51
43
39
44
49
49
54
52
58
72
85
93
91
92
90
73
68
69
66
61
58
57
55
54
57
62
61
56
58
63
54
51
52
43
42
35
35
30
27
21
22
14
18
19
19
16
16
25
26
32
50
84
99
119
127
121
117
103
94
83
53
36
34
25
13
11
21
15
6
15
15
8
8
8
5
8
8
7
11
7
5
9
9
10
0
