0
0
0
0
0
0
0
0
1711
5751
4467
3900
3836
3964
4138
4664
5036
5074
4989
5273
6285
6367
5134
4268
4148
4052
3922
3935
3982
3772
3318
2735
2455
2399
2392
2397
2396
2335
2303
2325
2258
2623
4391
7248
9385
8516
5492
2779
1670
1667
1837
1784
1557
1490
2123
3683
5938
7706
7381
4912
2454
1202
842
837
762
736
698
690
684
675
648
616
589
589
620
652
723
853
951
974
958
910
878
884
832
745
640
513
448
356
338
314
270
269
247
243
214
198
198
194
172
151
153
166
203
286
411
611
866
1069
1122
1019
792
515
305
199
141
119
102
96
91
97
98
102
102
102
102
111
110
109
97
98
95
105
128
145
157
163
154
130
122
122
104
90
77
71
66
61
60
62
60
60
62
61
83
90
89
94
87
73
63
42
54
53
40
50
54
50
53
49
43
44
51
54
50
55
52
52
56
63
72
73
84
88
84
82
82
72
64
61
56
59
61
61
59
55
51
50
51
55
59
60
52
43
46
48
34
27
36
30
26
25
22
16
16
15
15
19
27
30
42
51
59
81
113
127
127
122
112
96
79
57
37
27
21
17
12
12
8
19
9
14
5
5
9
5
5
6
4
9
8
5
6
6
5
0
