0
0
2403
7160
3916
4031
3949
4143
4279
4983
5306
5244
5123
5123
7175
6879
4803
4202
4388
4156
4009
4057
4193
3923
3447
2765
2516
2478
2473
2479
2482
2413
2373
2427
2312
2366
4115
7186
10502
9711
5944
2574
1442
1682
1971
1908
1661
1353
1852
3329
5793
8109
8180
5545
2792
1321
871
881
792
770
721
715
707
708
677
643
612
589
641
666
702
846
1006
1011
1003
963
881
937
883
792
697
542
488
373
353
336
280
284
256
260
225
202
206
208
186
153
150
176
175
280
379
567
850
1124
1204
1108
882
560
315
212
144
125
106
99
95
101
102
106
107
105
104
117
113
119
95
106
96
104
140
149
168
170
170
118
130
135
99
96
74
76
66
63
63
66
62
64
66
62
93
96
90
101
86
71
62
37
65
49
37
63
49
55
55
47
42
50
60
48
59
54
54
57
61
76
71
84
93
87
84
86
82
62
71
54
62
65
64
62
59
49
55
50
59
61
68
55
38
51
53
34
23
43
28
26
25
22
15
19
14
18
22
31
34
50
56
67
95
133
133
130
123
107
91
69
43
30
22
19
13
14
6
22
10
16
6
7
11
5
7
7
3
12
8
4
9
5
7
8
11
4
8
1
4
7
7
183
