0
0
0
0
0
0
0
0
1767
5894
4447
3821
3869
3957
4269
4730
5094
5158
5031
5238
6234
6387
5224
4337
4119
4010
3934
3894
3865
3710
3308
2793
2511
2394
2352
2317
2406
2336
2378
2264
2253
2639
4417
7290
9337
8469
5448
2712
1618
1587
1782
1759
1523
1528
2187
3736
5966
7599
7296
4846
2378
1108
828
819
714
708
664
664
674
667
618
608
616
615
642
688
752
862
967
1003
967
925
903
880
852
719
637
495
427
363
338
285
275
268
244
225
225
200
193
181
183
175
162
172
204
275
412
623
865
1094
1197
1056
765
515
328
196
147
121
117
104
105
98
111
88
91
110
100
105
106
99
99
100
109
115
120
128
141
151
150
144
137
115
102
93
85
76
66
66
61
56
60
57
72
64
72
73
88
80
85
86
74
62
65
52
48
49
49
50
46
47
46
44
52
52
55
47
48
58
55
61
72
74
88
107
95
85
81
64
59
58
61
67
69
62
54
53
57
63
65
64
60
58
49
51
48
37
37
35
29
31
37
28
22
25
19
22
21
21
27
31
39
50
67
89
103
110
122
133
119
89
61
45
45
34
23
20
18
15
13
10
4
5
8
8
7
7
8
9
14
11
9
10
10
9
8
0
