0
0
2481
7330
3836
3943
4019
4105
4483
4995
5375
5348
5162
5056
7082
6934
4921
4314
4288
4103
4070
4009
4024
3879
3431
2839
2580
2470
2431
2395
2494
2405
2484
2326
2316
2390
4093
7286
10383
9658
5979
2454
1444
1576
1868
1957
1556
1406
1927
3344
5861
7966
8103
5513
2733
1210
856
872
738
745
684
687
692
714
638
618
646
627
646
707
747
849
1004
1053
1028
940
961
883
946
745
703
526
459
379
364
297
285
283
259
229
244
203
206
184
189
195
156
179
190
258
365
590
848
1102
1307
1190
827
553
364
198
156
124
123
107
110
101
117
92
94
116
101
111
113
100
104
100
117
116
128
131
146
165
155
143
158
103
113
90
89
78
65
73
59
56
65
56
80
64
78
74
97
78
92
87
72
62
71
46
53
49
53
50
45
55
39
55
50
61
53
42
61
57
57
74
77
78
111
108
82
97
67
61
59
59
73
71
71
53
56
56
70
66
73
55
71
41
58
51
35
42
37
27
34
42
26
22
27
17
25
20
24
30
35
45
57
77
103
111
119
134
142
107
78
47
49
42
25
21
19
16
14
11
5
6
9
9
7
9
10
11
16
11
9
12
10
9
8
14
5
11
6
6
9
4
6
195
