0
0
2537
7319
3835
3942
3859
4063
4291
4980
5263
5387
5066
5084
7100
6919
4783
4244
4314
4045
4099
3905
4076
3963
3422
2766
2597
2458
2414
2443
2508
2415
2412
2311
2284
2363
4176
7286
10409
9849
5971
2514
1510
1705
1935
1954
1701
1399
1856
3318
5957
8136
8282
5464
2775
1260
833
817
806
753
716
662
706
678
613
667
579
615
654
708
693
864
1091
1046
1065
942
924
898
928
815
665
549
484
389
350
275
307
269
255
232
231
217
197
191
195
180
167
158
201
275
402
602
913
1155
1210
1106
850
607
307
188
140
118
105
116
110
100
103
100
99
108
102
108
127
117
113
104
120
123
108
117
162
164
162
150
135
103
95
91
58
72
51
53
54
76
53
65
77
92
72
86
101
75
70
79
91
67
58
55
66
50
48
53
53
44
38
47
47
40
50
44
47
47
50
66
60
87
92
91
79
82
79
63
63
62
65
63
63
76
56
64
68
65
65
59
66
47
43
32
44
32
34
32
35
22
25
25
24
15
16
19
19
27
31
32
53
63
94
110
112
136
95
100
86
65
50
26
28
19
18
18
11
12
11
10
7
11
10
11
5
6
15
9
7
9
7
7
13
12
5
7
9
7
5
3
13
208
