0
0
0
0
0
0
0
0
1808
5920
4440
3822
3752
3892
4134
4671
5034
5141
4995
5239
6269
6351
5122
4268
4104
3994
3918
3855
3890
3765
3297
2739
2514
2385
2340
2367
2424
2340
2324
2241
2228
2653
4538
7422
9468
8506
5361
2679
1687
1692
1842
1807
1585
1537
2193
3850
6174
7785
7298
4700
2349
1125
803
788
768
720
680
652
674
638
614
611
581
605
648
672
740
906
1012
1025
981
917
886
882
857
742
611
513
440
365
319
274
286
257
240
224
220
204
189
185
183
171
160
169
217
307
452
681
942
1111
1126
986
760
505
282
176
132
112
105
110
104
96
99
96
96
104
99
107
120
113
108
105
114
115
108
123
149
157
154
144
125
104
93
80
66
61
53
50
56
64
57
61
73
84
73
82
94
74
69
74
86
67
58
54
60
52
47
49
51
45
39
41
45
42
43
46
43
45
48
56
62
71
86
89
83
77
78
68
60
60
60
61
61
65
63
59
61
63
63
61
60
56
46
38
36
36
32
31
32
31
23
23
24
23
15
14
17
18
25
29
30
48
59
86
102
106
126
101
94
88
70
53
34
26
23
18
17
14
10
11
10
9
7
10
9
9
4
7
13
8
6
7
7
7
11
0
