0
0
2481
7245
3824
4009
4057
3936
4432
4957
5248
5359
5111
5144
7220
6921
4782
4249
4403
4105
4020
4016
4098
3853
3419
2788
2534
2455
2480
2411
2488
2354
2383
2361
2278
2500
4127
7355
10348
9801
5778
2417
1465
1679
1934
1895
1620
1366
1846
3322
5960
8082
8238
5522
2579
1275
887
903
847
749
728
684
699
664
653
568
633
633
640
642
734
846
1025
1079
1074
930
948
894
871
817
706
529
501
381
385
297
268
251
257
227
233
218
191
210
176
196
176
187
195
254
378
550
923
1096
1235
1143
830
566
344
218
159
121
91
97
100
92
118
118
92
98
94
104
121
98
97
104
94
111
132
163
155
177
151
162
136
120
117
99
78
68
67
59
58
76
62
66
67
84
88
99
93
97
89
69
73
78
68
65
56
63
62
53
51
44
52
55
46
56
45
54
59
68
60
67
66
75
88
93
103
76
91
74
73
74
57
44
62
62
64
67
58
68
57
60
52
39
41
48
47
38
31
35
42
26
23
22
20
12
20
15
15
25
25
42
63
79
107
112
123
131
108
108
88
55
50
28
34
23
21
10
13
8
15
6
11
11
10
14
12
10
13
8
9
9
11
9
7
10
8
10
7
6
6
2
6
228
