0
0
0
0
0
0
0
0
1768
5851
4424
3869
3914
3844
4197
4686
5012
5125
5020
5298
6340
6390
5132
4288
4161
4032
3911
3901
3906
3703
3284
2747
2470
2383
2395
2335
2400
2284
2302
2275
2253
2724
4512
7390
9403
8443
5286
2622
1645
1667
1818
1755
1529
1499
2160
3805
6116
7728
7336
4750
2229
1156
860
862
798
720
695
666
666
642
606
578
605
614
618
654
740
873
990
1036
987
920
897
862
827
758
635
506
453
368
351
280
255
242
241
220
221
203
191
192
179
181
175
181
208
283
413
647
908
1088
1144
1008
750
504
315
204
148
112
91
92
95
92
114
111
89
94
92
102
111
97
95
97
95
109
131
149
156
160
154
147
133
119
110
95
78
68
63
59
58
67
62
62
65
78
84
93
91
91
88
70
69
74
67
63
57
58
60
55
50
45
46
51
49
48
49
47
54
60
62
60
64
67
77
86
92
87
79
80
72
71
64
51
51
57
59
61
61
60
60
57
55
47
39
40
44
43
36
31
33
35
27
23
22
20
12
18
15
14
22
23
37
57
72
96
105
115
123
112
104
92
67
51
37
29
29
22
16
10
11
8
12
6
10
10
9
13
11
9
11
8
7
8
9
9
7
0
