0
0
0
0
0
0
0
0
1772
5946
4421
3847
3846
3894
4201
4677
5050
5129
5025
5333
6336
6339
5094
4280
4164
4080
3931
3884
3944
3875
3356
2785
2466
2400
2334
2461
2400
2303
2328
2237
2212
2638
4436
7297
9331
8378
5287
2638
1628
1632
1840
1824
1561
1497
2196
3868
6135
7789
7235
4788
2380
1127
859
802
735
685
679
680
659
654
635
629
625
593
629
687
755
892
1018
1036
979
885
835
840
800
720
606
526
444
402
352
316
272
247
234
235
210
203
198
194
166
154
155
169
198
285
457
669
896
1074
1106
997
781
510
311
207
143
129
118
103
108
102
90
99
103
105
108
111
102
106
113
105
102
112
121
127
143
155
146
131
117
106
97
85
77
68
58
49
51
59
58
48
51
57
63
73
91
88
87
77
68
65
61
53
57
45
48
53
48
47
51
51
47
48
48
46
50
46
49
62
68
70
81
87
82
85
85
67
57
63
67
57
53
52
52
54
58
59
58
58
61
62
53
49
47
39
29
24
23
31
30
21
18
18
22
23
18
17
26
21
40
58
62
81
110
133
123
125
109
85
74
60
44
29
16
13
14
16
16
12
12
8
10
14
13
9
10
10
7
10
11
7
6
8
8
0
