0
0
2487
7373
3796
3987
3972
4031
4405
4943
5319
5330
5115
5217
7192
6852
4743
4277
4345
4231
4011
3989
4092
4123
3456
2840
2518
2485
2400
2545
2485
2373
2421
2310
2257
2385
4072
7185
10299
9674
5836
2459
1465
1610
1926
2016
1658
1355
1833
3441
5877
8231
8104
5537
2801
1238
900
845
774
710
699
712
679
677
670
627
683
595
615
712
739
854
1061
1102
1034
956
826
893
839
791
644
574
470
431
373
340
289
261
240
253
219
212
200
215
175
157
159
169
191
237
403
637
854
1110
1199
1078
905
579
329
234
143
136
126
104
113
108
92
103
107
109
112
117
105
108
121
109
102
116
129
127
146
170
151
135
124
103
110
81
85
67
62
46
53
64
61
46
54
61
67
77
98
89
90
78
68
69
62
53
61
41
55
55
46
51
55
52
46
56
43
53
51
41
60
71
69
78
93
85
82
98
77
60
56
77
62
53
56
51
57
59
65
57
62
56
76
50
52
49
44
27
27
17
37
32
20
18
20
24
25
18
18
29
20
46
63
67
89
122
145
121
135
102
79
75
51
40
19
14
14
17
18
13
14
9
10
15
14
10
11
11
8
12
14
7
7
10
8
5
7
10
4
6
4
3
7
206
