0
0
2419
7334
3812
3934
3921
4054
4279
4900
5319
5307
5063
5017
7238
6988
4814
4219
4316
4143
4079
3941
4155
3898
3459
2861
2659
2535
2425
2459
2504
2379
2458
2445
2287
2421
4078
7133
10334
9862
5868
2460
1465
1556
1945
1971
1641
1358
1841
3512
5982
8162
7975
5542
2709
1278
889
844
803
750
708
678
720
712
646
599
607
609
624
656
738
888
1076
1143
1046
952
910
864
890
799
673
550
461
419
330
311
274
299
262
267
216
229
220
190
173
165
169
161
170
250
390
570
863
1084
1222
1112
877
598
326
209
134
121
112
92
114
118
93
91
91
120
122
106
108
103
119
119
123
114
144
125
166
155
154
130
130
121
111
85
72
81
77
61
76
42
68
46
58
72
74
95
99
86
104
81
53
54
72
55
64
61
51
45
43
50
45
51
56
39
44
46
36
49
61
64
80
81
86
97
94
99
78
80
79
64
56
58
49
52
60
67
66
59
67
65
61
52
52
39
45
30
40
35
36
33
41
33
21
27
15
22
18
26
35
38
47
80
99
111
122
123
129
101
93
76
57
24
21
18
16
22
7
8
7
11
8
9
5
6
12
10
9
5
7
14
13
8
6
5
3
10
10
5
6
3
7
218
