0
0
0
0
0
0
0
0
1724
5904
4424
3810
3797
3898
4118
4620
5036
5110
4962
5225
6331
6433
5156
4265
4118
4042
3937
3885
3931
3747
3327
2819
2580
2452
2352
2381
2418
2312
2374
2344
2252
2669
4437
7277
9393
8485
5321
2637
1612
1613
1827
1798
1546
1499
2227
3949
6187
7718
7135
4760
2314
1154
850
808
766
716
678
667
693
670
615
587
586
594
614
662
762
914
1045
1062
987
916
868
849
829
736
617
507
434
381
315
292
270
279
253
245
212
218
204
180
166
161
160
159
192
285
428
640
883
1073
1125
1005
777
514
302
188
131
116
104
94
110
110
90
88
92
116
116
103
103
103
113
115
117
118
130
134
150
152
143
130
123
117
103
85
74
75
72
65
63
51
57
50
55
67
71
88
94
85
98
81
55
51
65
57
59
60
52
45
42
45
46
47
50
45
39
42
41
41
52
61
69
77
80
87
92
91
86
75
77
70
59
55
52
49
53
59
63
62
60
62
61
57
52
46
41
38
33
35
34
33
34
37
32
22
24
16
20
18
24
31
34
43
71
91
103
114
118
122
106
92
80
61
37
22
19
17
17
15
6
7
7
10
7
8
4
6
11
9
8
4
6
12
12
8
6
0
