0
0
0
0
0
0
0
0
1754
5843
4387
3827
3805
3879
4114
4659
5109
5135
5027
5306
6341
6407
5145
4275
4093
3998
3904
3812
3836
3809
3417
2856
2490
2386
2413
2365
2361
2335
2336
2271
2216
2619
4381
7210
9377
8616
5481
2755
1678
1624
1796
1767
1542
1527
2188
3734
5994
7740
7280
4805
2405
1117
856
814
781
721
665
667
662
633
630
623
595
600
627
663
718
830
966
1039
1003
899
855
880
889
772
637
509
413
385
348
293
276
255
248
251
242
218
193
178
175
170
182
186
209
282
423
638
875
1063
1124
1020
792
532
324
204
124
105
95
94
99
104
101
79
109
93
103
118
115
112
106
103
106
106
110
138
155
151
145
137
127
113
102
88
77
67
62
65
61
60
73
70
66
73
77
81
72
86
87
87
71
59
58
57
58
50
44
46
50
50
56
57
50
51
49
49
51
52
56
51
59
82
88
90
88
96
84
67
57
55
56
56
48
48
56
61
62
59
58
60
61
52
43
41
46
45
37
34
26
27
21
29
26
19
18
19
15
20
21
33
44
56
73
92
111
124
137
126
104
94
80
61
49
32
16
17
11
11
12
7
11
8
3
7
7
6
6
7
9
14
8
8
8
7
8
0
