0
0
2464
7265
3775
3970
3924
4031
4285
4958
5432
5279
5173
5132
7252
6931
4772
4284
4253
4100
4059
3882
3984
4020
3543
2911
2545
2458
2500
2446
2442
2413
2424
2355
2259
2376
4087
7171
10341
10002
5857
2521
1530
1598
1907
1929
1606
1393
1930
3369
5832
8186
8077
5442
2759
1212
894
846
818
760
685
689
697
651
648
662
613
598
658
661
733
793
999
1080
1097
930
872
890
966
830
688
555
433
405
375
306
290
265
257
262
256
230
204
180
190
165
193
197
188
270
374
609
867
1100
1208
1117
873
584
338
224
123
109
98
99
103
108
107
79
116
94
105
126
117
119
107
108
112
111
99
153
167
153
154
137
137
110
112
83
83
65
65
71
60
63
81
70
68
78
82
86
71
96
87
93
67
60
59
60
61
46
45
52
51
55
64
52
53
51
51
53
51
59
55
45
84
87
99
83
104
95
75
57
59
55
65
50
44
60
65
68
58
65
57
73
50
45
38
52
48
36
40
23
32
19
33
25
18
21
19
14
24
21
41
49
63
84
104
123
135
149
114
101
93
69
56
43
17
19
12
12
14
8
12
9
4
8
9
6
8
9
9
18
6
11
8
9
8
11
8
6
4
8
2
4
4
222
