0
0
0
0
0
0
0
0
1752
5790
4406
3898
4031
3933
4161
4767
5135
5157
5007
5228
6232
6335
5166
4272
4089
4054
3901
3849
3952
3763
3314
2758
2468
2407
2371
2412
2444
2427
2363
2334
2227
2683
4491
7330
9361
8410
5277
2637
1658
1645
1806
1791
1560
1505
2191
3832
6025
7607
7222
4809
2337
1120
861
824
745
696
647
689
683
658
610
591
584
605
633
674
761
888
974
998
970
896
861
858
827
747
605
493
454
376
329
319
282
264
227
229
210
220
202
188
175
152
151
176
227
310
451
669
912
1090
1145
1012
736
472
298
197
127
101
92
98
110
88
99
119
88
90
89
100
109
111
115
101
107
119
140
145
150
156
156
144
125
113
99
79
63
63
68
63
67
57
47
54
59
69
87
84
85
89
88
83
72
68
57
62
47
56
54
52
54
54
54
49
45
47
51
52
50
61
57
56
63
64
73
82
90
87
77
71
72
67
63
59
58
60
60
69
72
73
62
45
44
48
47
46
47
48
40
34
36
34
29
26
19
23
14
19
17
12
26
29
52
52
72
89
80
122
129
113
115
101
76
57
41
32
22
14
14
9
11
19
16
2
5
7
9
5
10
8
6
6
8
8
7
9
9
0
