0
0
2459
7166
3836
4044
4199
4016
4340
5095
5390
5342
5119
5043
7076
6848
4925
4207
4224
4252
3975
3906
4195
3915
3452
2802
2525
2488
2445
2491
2525
2513
2437
2443
2248
2434
4119
7215
10288
9766
5830
2473
1497
1654
1875
1962
1669
1364
1832
3386
5802
7952
8101
5607
2759
1234
895
873
780
740
654
715
705
703
629
615
596
614
652
672
742
874
1022
1029
1041
947
871
903
869
821
671
514
496
408
340
344
294
287
232
245
212
233
215
193
196
155
152
164
218
277
407
596
895
1108
1222
1158
843
530
322
227
133
106
95
98
121
90
97
129
91
93
91
102
114
111
126
99
114
115
152
149
152
167
158
162
121
121
105
83
60
62
81
55
81
55
44
59
61
71
94
86
89
94
89
84
73
70
57
67
43
63
53
55
57
55
60
43
52
44
65
40
62
68
47
70
59
74
78
93
94
85
74
76
72
66
63
58
64
62
62
84
68
83
43
40
56
47
48
50
52
43
33
39
38
28
29
16
27
12
21
17
12
29
33
57
52
79
96
79
141
131
112
122
96
69
52
35
32
14
17
11
8
18
25
3
6
8
11
5
11
9
7
7
9
8
8
11
10
5
8
12
5
4
7
7
2
227
