0
0
0
0
0
0
0
0
1859
5879
4434
3906
3881
3829
4101
4652
5029
5037
4966
5293
6305
6350
5143
4358
4219
4100
3974
3919
3919
3802
3326
2790
2522
2378
2388
2381
2334
2311
2327
2295
2233
2703
4549
7556
9462
8301
5157
2594
1663
1635
1813
1775
1523
1542
2279
3911
6193
7811
7092
4558
2174
1097
857
800
726
694
666
665
683
651
617
580
562
596
649
702
781
878
986
1042
1014
946
894
856
807
707
589
519
436
356
322
289
266
238
230
223
219
221
229
201
170
160
159
182
212
300
454
698
964
1131
1149
1007
752
495
309
196
134
109
110
108
92
94
100
104
110
114
113
109
115
100
99
114
113
125
132
149
161
153
134
127
119
108
96
85
82
73
63
63
65
69
71
66
64
63
69
89
91
93
82
89
71
61
58
66
56
51
50
53
50
45
49
54
51
44
45
48
49
58
61
65
73
77
81
81
74
70
67
56
49
50
54
52
55
61
59
60
60
64
65
56
58
61
50
40
38
35
36
36
28
23
25
27
25
18
17
18
17
20
22
27
38
55
66
83
93
128
126
107
97
77
71
59
39
30
22
18
16
11
8
10
10
9
11
12
9
6
7
10
6
6
11
7
9
6
8
0
