0
0
2596
7215
3864
4040
3995
3930
4282
4934
5297
5174
5095
5149
7080
6937
4794
4379
4401
4212
4080
4027
4055
4029
3454
2840
2602
2441
2466
2460
2411
2384
2404
2389
2256
2461
4013
7335
10349
9644
5924
2502
1566
1600
1860
1998
1594
1387
1880
3340
5705
8239
8132
5525
2653
1227
899
852
760
726
692
674
716
681
654
604
585
570
676
681
781
858
980
1086
1083
1003
931
902
855
798
635
561
496
378
350
305
288
249
240
232
227
222
241
227
176
177
149
184
200
245
393
578
908
1147
1233
1150
901
591
366
226
151
111
111
121
95
96
104
107
114
118
119
111
123
106
95
120
111
129
133
148
170
168
139
129
134
107
110
82
88
84
58
68
66
70
80
67
66
67
66
96
92
101
82
95
73
63
60
69
57
52
53
56
51
46
53
57
52
42
51
49
47
70
56
73
78
82
87
84
70
79
65
52
50
55
58
50
63
62
59
67
58
74
62
52
66
61
42
38
40
33
43
32
21
25
29
31
16
19
19
16
22
23
27
37
56
67
87
94
134
131
111
100
78
73
60
37
29
21
18
16
9
10
13
9
12
13
12
7
6
12
7
5
13
8
10
7
9
9
6
11
6
11
7
4
6
197
