0
0
0
0
0
0
0
0
1844
5847
4397
3882
3849
3794
4156
4699
5126
5174
5100
5335
6319
6431
5180
4277
4093
3930
3811
3876
3967
3783
3393
2744
2504
2380
2342
2365
2437
2329
2329
2367
2303
2693
4414
7245
9292
8433
5415
2707
1656
1654
1815
1773
1560
1518
2216
3826
6104
7723
7278
4878
2363
1116
858
832
767
720
677
665
666
634
597
554
557
583
598
646
754
899
1007
1017
961
884
840
856
844
739
597
513
445
384
330
302
285
260
233
234
210
224
211
187
162
154
156
165
203
298
440
654
885
1065
1110
976
763
519
304
193
136
119
118
99
108
104
104
96
104
102
95
111
115
98
94
103
110
116
131
142
151
152
153
139
119
107
99
90
80
72
70
70
73
66
51
55
66
68
87
83
92
84
78
78
57
62
53
51
52
50
46
48
52
54
51
52
50
45
46
45
51
56
52
52
68
81
92
91
85
85
76
65
66
59
50
51
57
61
60
57
63
63
57
55
54
54
55
46
43
41
33
30
30
26
21
20
26
17
17
16
22
28
25
30
41
56
60
82
100
113
123
122
100
86
70
50
38
32
29
19
14
11
10
7
9
8
6
10
6
11
8
11
10
9
6
3
4
7
4
0
