0
0
2589
7208
3797
4035
3964
3897
4388
4972
5442
5316
5277
5152
7150
7028
4808
4249
4307
4006
3889
3995
4192
3912
3575
2746
2585
2453
2419
2444
2525
2402
2398
2474
2344
2468
4065
7170
10299
9647
6011
2450
1507
1623
1966
1872
1699
1336
1938
3391
5952
8132
8102
5606
2747
1221
889
874
804
754
704
682
702
658
639
565
564
600
624
620
746
878
1061
1075
1016
937
849
882
902
815
636
549
476
412
349
317
300
277
239
253
209
237
222
203
166
160
154
174
172
277
403
592
894
1069
1231
1058
847
595
321
208
141
119
129
100
112
108
108
100
108
107
95
116
124
100
95
107
117
114
141
143
166
151
169
144
120
109
103
94
80
73
73
73
80
68
48
59
71
70
95
83
99
84
79
83
53
68
51
54
55
50
46
53
56
55
51
58
46
49
45
48
58
60
44
65
77
94
100
88
86
94
62
74
63
56
45
62
62
69
52
66
72
56
55
62
46
70
41
48
45
32
32
30
27
21
21
30
16
19
16
25
32
24
35
46
62
65
93
110
122
132
123
90
88
58
45
34
35
21
16
12
11
8
10
9
7
11
7
12
9
13
10
11
6
3
6
9
3
6
4
6
8
4
7
8
2
194
