0
0
2589
7233
3872
4066
3960
3928
4334
4986
5263
5221
5062
5068
7120
6936
4767
4344
4378
4123
4070
4062
4175
3945
3443
2842
2668
2515
2361
2478
2469
2408
2372
2349
2185
2502
4079
7077
10313
9811
5921
2573
1512
1563
1915
1998
1622
1355
1810
3427
5873
8176
8056
5447
2704
1232
859
852
791
799
672
729
734
616
618
644
638
619
649
645
710
829
991
1088
1054
885
856
943
932
794
626
543
445
387
374
329
293
251
260
235
233
224
226
200
193
217
192
179
201
282
372
641
903
1086
1299
1100
847
556
373
203
152
102
109
116
101
99
108
103
94
116
98
117
117
100
128
116
123
105
132
127
147
172
151
147
130
108
118
101
95
79
55
49
58
70
47
65
74
63
83
99
83
87
99
82
81
70
53
64
69
61
59
54
61
41
54
52
45
57
41
41
48
69
55
60
79
79
96
90
99
94
78
79
68
53
66
61
74
80
60
61
60
58
66
75
55
43
66
35
26
47
30
26
32
24
28
21
26
14
19
29
23
26
31
44
56
84
84
123
134
111
117
115
66
87
49
32
26
16
20
12
17
15
7
13
13
6
12
12
9
9
10
12
10
9
8
15
4
8
10
4
6
11
7
6
4
219
