0
0
0
0
0
0
0
0
1844
5866
4458
3922
3853
3815
4128
4681
5015
5045
4945
5228
6270
6366
5146
4326
4178
4045
3950
3952
3976
3779
3322
2805
2583
2432
2295
2397
2388
2330
2295
2250
2186
2701
4414
7215
9344
8490
5413
2739
1659
1612
1820
1804
1544
1483
2169
3830
6088
7738
7204
4729
2321
1117
830
812
766
746
663
703
677
605
605
618
612
611
623
648
722
848
975
1028
962
863
861
901
858
723
587
500
416
371
351
309
273
243
245
227
224
217
210
193
194
199
185
182
220
294
446
680
905
1102
1161
1003
752
510
327
196
138
102
105
108
97
96
104
99
93
110
97
112
110
103
118
115
114
110
120
128
144
156
150
139
124
112
108
100
90
75
58
50
55
61
52
59
68
63
77
93
83
82
93
82
80
69
55
59
64
61
58
54
55
48
46
51
47
48
47
39
44
55
61
56
66
76
83
90
90
93
84
76
71
60
57
60
64
72
68
60
58
58
58
65
64
53
50
51
36
30
37
31
27
28
25
25
21
23
15
17
26
24
23
28
39
51
74
80
108
124
115
110
112
83
74
63
39
29
21
16
17
12
16
12
7
12
11
5
11
11
8
8
8
10
10
9
8
11
6
0
