0
0
2388
7259
3721
4002
4041
3966
4382
5028
5379
5254
5102
5074
7150
6804
4764
4263
4242
4146
4003
3907
4107
3953
3395
2890
2613
2430
2437
2376
2550
2427
2445
2412
2198
2441
4027
7217
10320
9733
5945
2548
1539
1666
1906
1914
1648
1358
1817
3486
5858
8242
8283
5498
2701
1264
904
833
823
733
703
684
680
668
653
631
628
644
617
652
726
864
1033
1115
1057
965
846
923
901
722
716
563
463
365
393
367
279
293
282
247
244
209
208
196
176
180
167
192
195
250
393
616
908
1155
1220
1145
847
565
313
222
147
118
80
105
104
110
101
82
122
106
119
115
117
115
98
121
111
119
120
154
156
155
173
136
103
119
105
93
83
77
78
60
64
66
52
65
72
70
92
83
105
70
71
84
75
75
61
49
67
56
47
51
44
56
59
42
49
47
50
54
56
48
60
55
71
104
97
88
101
77
75
73
64
71
56
75
51
56
86
57
62
58
50
65
64
46
60
42
44
28
44
27
34
30
28
22
20
20
33
13
17
24
28
43
55
78
92
103
132
125
133
92
85
51
43
31
31
30
7
14
15
15
17
12
11
10
12
8
15
6
10
13
6
12
8
12
12
11
10
6
5
9
5
6
6
196
