0
0
0
0
0
0
0
0
1702
5841
4339
3843
3901
3862
4174
4733
5101
5101
4977
5251
6271
6307
5088
4259
4093
4010
3890
3840
3906
3762
3298
2825
2536
2364
2353
2306
2463
2354
2361
2305
2191
2661
4428
7315
9364
8437
5365
2717
1698
1667
1808
1767
1542
1494
2206
3895
6131
7842
7339
4728
2305
1147
861
803
776
703
676
662
656
643
626
612
613
611
612
654
746
884
1011
1047
994
898
857
879
812
704
646
516
421
359
372
332
272
280
264
239
227
203
198
184
173
169
171
183
208
288
447
679
936
1111
1145
1010
753
490
297
199
139
106
85
100
101
105
95
85
116
103
115
112
112
108
100
112
110
113
124
143
150
154
154
130
111
107
102
90
81
76
71
63
60
61
54
60
67
69
86
82
98
71
68
79
74
72
61
50
60
57
48
47
45
49
54
47
43
47
46
49
52
52
51
57
63
84
97
90
89
86
74
72
66
64
62
63
60
53
66
68
60
58
54
55
60
56
52
51
43
37
33
35
30
30
30
27
22
20
19
28
14
15
22
25
39
50
71
85
95
119
122
125
101
85
61
45
35
30
30
19
8
13
14
14
15
11
10
9
11
8
13
5
9
11
6
10
8
10
11
0
