0
0
2505
7446
3736
3989
4016
4045
4227
4977
5349
5355
5036
5083
7094
7140
4794
4237
4260
4112
4119
3952
4008
3973
3539
2831
2556
2555
2394
2471
2397
2427
2395
2394
2333
2393
4125
7041
10386
9984
5975
2533
1535
1574
1939
1883
1630
1322
1822
3402
5882
7956
8049
5553
2809
1221
875
823
783
737
711
668
740
713
629
609
573
646
649
677
764
857
1013
1061
1001
932
848
956
896
801
663
534
466
378
368
308
318
260
258
262
236
215
204
213
183
182
176
168
215
256
391
557
866
1133
1201
1141
872
568
354
207
152
97
134
119
92
95
92
100
114
121
102
138
111
100
110
99
115
111
124
154
154
174
169
148
127
110
76
89
75
64
64
66
64
67
59
62
70
73
82
92
90
92
95
92
75
50
51
48
56
44
40
61
49
47
66
45
59
45
50
52
49
48
70
74
72
88
83
93
100
84
92
68
65
54
69
72
70
61
71
56
55
65
58
60
55
53
49
51
51
33
27
33
24
26
25
15
19
15
23
21
28
28
37
46
60
75
106
117
137
134
108
79
80
63
55
35
23
18
21
9
16
6
9
15
15
13
9
12
9
7
5
13
9
11
10
5
3
6
5
10
11
7
5
2
4
225
