0
0
0
0
0
0
0
0
1774
5978
4407
3833
3873
3905
4074
4641
5068
5135
4967
5206
6263
6474
5221
4259
4083
4014
3950
3867
3856
3786
3404
2803
2499
2461
2319
2387
2321
2340
2318
2306
2272
2635
4324
7066
9318
8692
5635
2841
1687
1614
1791
1761
1535
1450
2079
3675
5897
7565
7357
5000
2502
1132
839
790
750
710
681
666
701
669
613
581
581
613
634
677
753
863
970
1001
955
885
858
898
848
750
620
505
436
364
346
298
299
253
250
247
226
208
200
196
181
175
169
177
211
278
401
597
857
1067
1133
1046
812
543
339
206
144
102
126
115
88
91
89
96
108
114
105
123
111
100
102
100
106
110
121
140
151
161
161
146
126
106
85
80
75
65
61
62
62
63
59
57
64
68
75
84
86
87
89
90
79
57
48
48
50
49
41
47
54
47
52
55
47
52
44
48
50
47
53
68
70
75
83
83
90
90
85
80
68
60
58
63
67
66
63
62
57
55
58
58
56
55
52
49
48
48
35
28
29
26
24
24
18
16
16
19
20
24
26
30
39
51
64
85
106
119
131
120
95
76
73
59
48
31
22
17
19
8
14
6
7
13
14
13
9
10
9
7
5
9
10
9
10
7
4
0
