0
0
2493
7237
3786
4025
3845
3973
4468
4887
5323
5325
5092
5056
7138
6874
4862
4211
4251
4161
4081
3904
4167
3969
3435
2889
2573
2453
2341
2416
2444
2476
2434
2442
2334
2457
4104
7222
10171
9726
5764
2483
1526
1599
1835
1902
1661
1369
1875
3403
6060
8182
8186
5535
2828
1223
889
839
798
756
698
736
735
671
686
597
583
632
690
649
726
913
998
1077
995
973
873
919
918
824
667
526
438
391
356
346
315
282
257
254
236
230
216
188
204
163
176
163
186
254
389
587
854
1152
1241
1181
908
559
339
199
159
121
112
110
93
108
95
112
117
102
104
121
121
129
102
110
104
113
146
151
153
178
152
174
144
104
81
96
79
87
54
63
62
53
61
59
59
61
74
80
89
92
84
69
63
62
64
54
52
45
54
42
52
56
47
57
50
48
40
50
52
40
63
72
67
75
105
108
89
76
59
67
68
66
66
75
65
58
48
50
72
72
66
65
42
52
45
46
51
34
32
34
29
37
20
21
18
14
11
18
20
35
25
36
62
70
98
132
120
135
121
103
88
75
54
43
35
17
24
9
10
12
9
16
8
10
7
3
9
10
14
7
7
13
10
5
9
5
9
10
5
7
3
9
2
203
