0
0
0
0
0
0
0
0
1777
5852
4386
3876
3760
3829
4233
4663
5043
5127
4990
5244
6284
6353
5138
4262
4089
4036
3936
3871
3946
3785
3320
2821
2508
2372
2276
2340
2367
2393
2359
2348
2292
2714
4524
7364
9322
8318
5173
2604
1651
1614
1763
1751
1544
1528
2250
3980
6299
7801
7207
4704
2345
1104
849
802
761
718
685
712
693
656
633
579
583
629
646
662
771
899
989
1001
963
904
872
886
854
744
601
481
409
368
341
326
295
265
248
241
227
218
200
187
182
164
165
167
205
294
445
659
923
1120
1168
1039
766
486
293
189
144
116
109
102
93
101
94
108
110
98
103
117
118
118
101
104
102
116
138
145
154
161
156
155
133
101
87
86
82
73
60
59
59
55
57
58
57
60
70
77
85
88
82
67
62
61
61
54
51
45
50
43
47
52
48
51
51
46
42
44
48
45
52
64
68
71
88
101
93
79
65
60
64
64
63
67
67
60
52
48
58
67
67
64
53
47
46
44
45
42
34
31
30
30
30
21
19
17
14
12
16
20
31
26
34
58
66
92
123
119
128
120
103
89
76
58
45
36
23
20
15
8
9
10
11
12
7
8
5
3
8
9
11
6
7
12
8
4
7
0
