0
0
0
0
0
0
0
0
1720
5747
4398
3902
3983
3926
4181
4714
5066
5031
4958
5275
6273
6346
5151
4289
4149
4061
3864
3869
3962
3786
3222
2793
2478
2407
2419
2425
2452
2325
2366
2317
2215
2703
4435
7353
9381
8436
5291
2657
1664
1660
1836
1786
1512
1474
2201
3837
6083
7661
7153
4701
2330
1147
891
828
769
702
677
691
683
669
621
580
579
610
637
678
773
894
984
988
916
864
864
872
833
724
602
508
435
381
335
308
263
263
242
241
226
208
215
200
184
177
176
168
197
285
442
681
939
1126
1173
1041
793
524
306
190
128
108
106
94
85
101
106
102
91
94
112
120
116
118
113
117
115
132
144
150
161
161
149
131
119
109
94
77
69
68
69
68
62
60
65
60
64
63
67
80
85
97
72
82
83
59
52
54
54
57
59
50
45
41
43
48
46
51
55
49
47
48
50
58
65
75
87
92
88
93
88
68
61
67
68
63
52
49
57
60
57
63
63
58
60
65
59
50
50
43
33
27
25
24
19
22
24
20
21
14
12
17
20
29
32
48
79
89
97
129
137
112
95
82
65
51
43
34
25
17
14
12
11
14
12
10
8
8
10
6
9
9
14
9
8
6
10
9
10
0
