0
0
2414
7120
3837
4048
4134
4023
4372
5006
5344
5147
5104
5134
7092
6879
4868
4233
4325
4256
3874
3994
4150
4016
3271
2885
2529
2481
2500
2504
2540
2395
2449
2426
2212
2512
3976
7263
10249
9840
5853
2512
1510
1637
1938
1963
1625
1286
1875
3340
5834
8041
8076
5488
2755
1261
936
869
813
736
695
718
705
705
661
597
589
614
665
663
757
887
1014
1058
979
878
891
903
899
794
652
550
467
411
351
338
271
279
250
250
244
210
229
210
195
178
189
172
170
256
377
609
907
1147
1258
1177
895
621
334
213
134
110
111
102
83
104
110
107
94
95
115
124
118
125
115
125
113
135
153
147
175
163
166
129
127
111
104
74
70
72
73
71
64
58
73
58
69
65
70
85
89
104
73
87
84
58
53
57
55
61
60
48
46
40
49
51
43
62
54
47
52
46
58
61
74
81
101
89
93
102
82
59
69
72
72
58
47
55
68
57
59
75
56
60
70
71
46
55
50
33
30
22
30
15
25
26
19
25
13
11
19
22
32
36
52
87
94
104
141
143
107
96
80
62
48
42
30
21
15
13
11
15
14
11
9
9
12
7
10
9
16
10
9
7
12
9
12
8
4
9
5
3
8
5
3
236
