0
0
0
0
0
0
0
0
1752
5780
4315
3880
3987
3957
4138
4647
5016
5121
4908
5180
6321
6479
5184
4248
4083
4044
3990
3900
3911
3767
3283
2678
2537
2419
2418
2347
2416
2266
2286
2268
2245
2740
4550
7465
9448
8409
5233
2584
1618
1619
1798
1743
1492
1493
2249
3977
6189
7703
7156
4671
2295
1175
888
805
803
712
672
681
696
668
642
627
616
612
613
667
778
925
1018
1025
978
927
896
862
808
708
600
520
448
400
347
295
259
242
246
222
199
208
185
177
155
144
143
167
206
291
443
660
904
1106
1168
1024
764
510
305
191
136
104
107
98
104
107
97
90
102
115
100
109
108
106
107
114
110
123
146
148
145
149
139
124
112
101
89
83
84
76
69
67
70
70
67
71
84
81
81
79
95
94
77
68
67
68
53
51
57
47
37
44
57
54
49
44
49
54
50
52
58
56
59
66
78
88
93
90
89
82
70
59
62
64
62
65
59
55
53
51
58
57
50
49
53
56
53
48
51
50
35
28
23
22
23
18
21
22
15
20
20
19
26
25
42
50
70
89
125
123
110
115
113
89
76
51
39
31
26
23
18
17
13
10
13
10
5
5
11
8
10
9
6
11
10
8
4
6
6
0
