0
0
2458
7150
3716
4050
4138
4067
4297
4935
5252
5389
4915
5035
7137
7158
4787
4233
4235
4151
4171
3948
4096
3960
3431
2672
2634
2487
2505
2421
2506
2336
2363
2356
2264
2511
4115
7346
10372
9764
5856
2415
1479
1595
1883
1946
1546
1362
1831
3505
5941
8079
8105
5489
2710
1300
945
827
857
749
694
696
729
700
665
653
634
641
620
648
756
900
1074
1066
1045
956
939
901
867
775
644
565
478
430
377
317
276
247
261
242
198
226
191
195
162
153
139
160
197
247
391
591
861
1109
1259
1174
861
598
347
201
157
99
117
99
107
113
102
92
103
123
103
113
112
109
108
121
112
118
155
158
141
163
143
133
111
110
91
80
95
76
71
67
76
71
69
72
92
82
86
79
102
98
78
69
70
72
53
52
61
45
37
49
64
51
51
42
56
58
46
61
57
61
59
76
84
100
93
93
90
82
66
56
73
59
72
63
57
55
53
51
72
49
50
54
59
60
48
48
64
35
30
23
24
25
17
23
25
14
22
20
19
28
24
46
54
75
95
136
125
111
122
115
83
78
40
42
27
28
19
19
16
10
14
13
6
4
13
9
11
10
6
12
11
10
5
8
6
8
10
7
6
3
5
5
5
202
