0
0
1690
5663
2890
3064
3122
2966
3067
3130
3310
3642
4001
4350
6388
6089
3946
3375
3421
3272
3056
3090
3300
3461
3133
2616
2276
2247
2292
2258
2151
2090
2175
2041
2237
2103
2103
2098
2203
2065
1909
1862
1915
2232
2545
2691
2330
1906
1862
1934
2356
2791
2773
2294
1919
1739
1719
1678
1729
1599
1721
1659
1716
1667
1716
1688
1783
1717
1866
1906
1981
2107
2276
2292
2328
1955
1790
1726
1671
1436
1333
1251
1196
1154
1038
995
1089
948
946
856
892
1173
1649
2432
3466
4065
3948
3176
2103
1220
622
353
313
361
556
886
1531
2215
2929
3262
2939
2252
1504
865
467
267
188
176
161
149
146
138
137
153
142
150
137
153
159
196
190
184
193
180
181
146
122
111
117
103
100
87
92
90
76
96
92
92
89
62
91
80
83
70
72
86
78
79
70
64
84
82
86
78
71
65
83
58
63
81
72
68
82
77
81
88
116
97
127
115
96
99
88
74
63
83
80
77
76
77
78
82
85
73
72
57
69
59
42
43
46
33
39
31
39
18
31
24
30
32
42
37
52
76
93
96
107
120
118
116
126
117
92
73
42
42
32
17
18
11
11
16
12
17
14
11
10
9
11
12
5
6
10
7
6
5
10
7
12
7
7
14
7
5
5
233
