0
0
0
0
0
0
0
0
1337
4780
3241
2925
2995
2901
2939
3020
3183
3466
3804
4407
5488
5610
4370
3437
3263
3167
3014
2999
3149
3267
3049
2601
2250
2172
2204
2183
2089
2024
2081
2003
2108
2059
2028
2039
2077
2007
1880
1818
1885
2111
2385
2492
2286
1953
1818
1899
2216
2591
2645
2288
1911
1704
1662
1626
1660
1563
1638
1615
1640
1624
1640
1647
1683
1696
1756
1835
1903
2013
2139
2209
2184
1992
1775
1681
1610
1449
1312
1228
1168
1125
1031
972
1027
950
916
851
849
1049
1452
2113
2994
3684
3800
3299
2409
1509
840
458
324
340
470
746
1223
1861
2520
3001
2974
2469
1781
1127
644
361
225
180
163
150
143
138
134
138
141
140
139
137
149
165
188
182
178
183
173
164
134
115
108
108
99
93
85
87
83
81
87
89
88
78
72
78
80
77
70
71
79
77
75
68
65
78
80
81
76
69
64
77
59
59
75
71
66
75
76
76
85
100
103
110
114
101
93
88
77
67
70
79
76
74
73
74
76
80
76
71
63
60
61
50
42
41
39
35
34
33
29
24
26
26
27
32
38
39
53
73
87
92
103
114
114
112
120
113
91
72
46
40
32
21
16
13
10
12
13
13
15
12
10
9
8
10
9
4
6
8
6
5
5
0
