0
0
1749
5655
2858
3039
3042
2982
3109
3088
3280
3528
4013
4443
6376
5971
4044
3405
3437
3287
3148
3005
3328
3512
3105
2541
2340
2204
2293
2270
2245
2093
2130
2173
2169
2160
2051
2129
2071
2149
1964
1822
2058
2204
2463
2599
2350
1854
1903
1962
2416
2721
2696
2337
1957
1725
1812
1844
1772
1756
1720
1716
1703
1705
1738
1670
1807
1831
1836
1878
1951
2073
2253
2324
2214
1961
1824
1758
1630
1530
1329
1193
1113
1128
1061
1107
984
962
916
845
845
1043
1553
2345
3443
4044
3988
3139
1979
1187
592
407
296
361
517
876
1522
2285
2862
3184
3011
2386
1545
860
451
264
205
154
159
154
146
136
179
128
125
117
160
155
181
179
177
176
159
177
170
161
136
131
97
123
103
91
94
94
92
84
94
83
78
92
99
87
94
101
73
109
96
66
77
68
89
67
75
89
85
65
75
65
70
62
75
76
73
69
86
93
114
102
93
106
96
93
99
77
76
76
84
80
96
78
86
72
84
84
68
66
70
50
52
44
50
30
39
29
23
29
29
25
29
33
39
41
50
50
78
97
121
118
130
131
125
100
87
54
57
42
28
24
22
11
21
17
8
5
15
10
9
12
8
12
14
10
9
9
7
4
11
7
7
2
2
10
6
5
5
196
