0
0
0
0
0
0
0
0
1392
4802
3208
2903
2934
2899
2969
3006
3145
3403
3798
4470
5509
5556
4370
3483
3284
3195
3056
2986
3157
3302
3027
2543
2284
2149
2204
2194
2170
2036
2051
2090
2095
2077
2013
2029
2025
2024
1922
1841
1947
2134
2330
2425
2249
1932
1833
1946
2266
2557
2572
2291
1937
1699
1739
1776
1718
1698
1665
1657
1647
1647
1663
1644
1711
1761
1776
1812
1880
1993
2130
2203
2131
1951
1793
1700
1598
1483
1324
1181
1094
1084
1038
1058
974
935
895
831
816
963
1389
2091
3030
3709
3798
3219
2250
1381
780
454
338
338
472
763
1276
1945
2556
2939
2949
2517
1791
1078
589
330
224
169
154
151
145
137
155
143
124
117
133
152
160
174
172
170
164
159
168
161
147
129
115
102
112
95
88
89
90
87
85
86
80
80
88
90
88
90
87
85
96
86
71
70
71
78
68
73
84
81
64
71
63
67
60
71
72
71
68
80
89
104
100
93
97
96
91
90
82
74
74
77
80
84
83
78
76
76
81
72
64
65
57
49
46
45
37
34
32
26
25
27
27
26
28
33
36
42
47
56
79
98
115
116
124
125
117
95
81
52
54
40
28
24
21
12
18
16
10
6
10
11
9
9
9
8
11
12
9
8
8
6
6
0
