0
0
1902
5700
2861
2970
3074
2985
3087
3129
3250
3549
4029
4405
6458
6101
3935
3508
3410
3215
3153
3031
3226
3443
3127
2538
2286
2280
2268
2254
2168
2147
2039
2222
2239
2083
2041
2024
2160
2173
1975
1875
1942
2254
2594
2580
2261
2007
1790
1968
2397
2749
2734
2333
2072
1772
1779
1774
1789
1674
1715
1703
1736
1618
1723
1656
1763
1760
1782
1839
1911
2061
2219
2346
2185
2013
1809
1733
1689
1477
1403
1172
1152
1107
1070
1046
1049
1008
904
839
844
1137
1618
2383
3420
3958
3949
3242
2133
1229
627
389
285
311
566
809
1448
2228
2881
3273
2967
2298
1554
847
495
258
184
137
144
154
153
144
175
141
142
146
143
155
165
173
199
194
184
164
139
135
115
112
116
102
117
90
95
99
86
87
80
89
96
109
89
71
103
53
97
82
80
75
72
85
85
73
68
82
94
70
80
66
79
69
71
84
78
71
93
103
117
129
110
105
90
99
82
88
80
69
70
92
86
82
69
71
75
76
83
59
68
50
48
46
35
43
25
31
38
28
26
29
26
28
27
32
36
55
77
89
98
98
147
135
133
107
92
74
62
40
34
16
21
12
8
9
16
9
12
9
12
14
8
14
13
6
6
4
10
10
5
3
6
9
10
4
3
5
8
230
