0
0
0
0
0
0
0
0
1522
4900
3206
2856
2952
2912
2966
3029
3151
3422
3826
4502
5603
5604
4340
3495
3291
3152
3046
2997
3110
3236
3008
2530
2250
2206
2196
2181
2101
2078
1985
2133
2150
2033
1980
1982
2065
2062
1933
1851
1932
2185
2426
2426
2203
1950
1820
1958
2304
2590
2575
2278
1998
1751
1720
1718
1724
1621
1658
1649
1668
1586
1647
1627
1688
1706
1730
1781
1865
1996
2139
2203
2112
1941
1781
1685
1598
1460
1326
1177
1111
1074
1038
1016
1012
973
880
815
814
1089
1552
2286
3221
3747
3742
3128
2165
1298
710
418
308
340
521
834
1365
2052
2670
3001
2846
2294
1605
960
541
300
192
143
137
147
149
142
163
143
137
139
140
147
156
165
183
189
180
164
144
130
119
110
109
106
103
99
89
91
89
83
81
81
89
99
95
76
86
71
77
84
80
75
71
75
81
77
69
71
83
81
72
71
69
73
66
71
80
74
74
91
102
115
120
105
98
89
91
81
83
76
68
72
83
84
77
70
68
71
74
73
64
60
53
47
43
38
36
29
28
33
30
26
27
26
26
27
28
32
47
67
81
90
93
126
133
130
113
95
80
65
49
36
25
16
17
10
7
9
13
8
11
8
11
12
8
13
11
6
5
5
8
8
5
0
