0
0
1836
5574
2760
2996
2970
2985
3020
3077
3352
3591
4035
4363
6320
6184
4065
3373
3447
3323
3052
3051
3357
3487
3075
2511
2352
2257
2226
2126
2213
2181
2137
2144
2231
2083
2078
2086
2236
2127
1927
1862
1944
2329
2493
2600
2250
1984
1830
1961
2353
2647
2733
2365
1913
1698
1769
1747
1783
1691
1542
1646
1750
1725
1704
1738
1740
1816
1827
1851
1937
2097
2280
2316
2177
2035
1841
1792
1789
1495
1349
1232
1125
1098
1064
1111
1045
949
933
815
868
1184
1568
2490
3433
4002
4027
3220
2112
1216
649
368
300
337
516
864
1483
2184
2892
3181
3165
2363
1553
874
484
270
179
169
146
143
140
125
149
116
140
123
114
128
173
170
179
196
194
183
171
154
119
124
118
89
107
98
95
85
92
99
74
82
87
82
83
95
84
83
84
81
85
80
86
71
84
75
70
71
69
87
71
65
78
64
67
63
80
72
107
97
93
106
94
92
95
88
71
88
69
82
72
86
80
67
82
54
86
74
63
68
57
49
51
45
49
35
29
28
34
23
35
34
26
24
44
48
51
57
76
94
103
138
120
143
125
115
104
72
53
43
30
27
18
21
12
10
12
7
14
15
7
14
5
10
12
14
7
14
8
5
7
8
9
7
10
5
4
6
4
230
