0
0
0
0
0
0
0
0
1469
4771
3100
2858
2877
2884
2915
2988
3198
3469
3828
4448
5522
5636
4416
3473
3289
3199
3022
2999
3191
3285
2988
2513
2292
2193
2153
2062
2133
2110
2071
2076
2132
2038
2011
2036
2112
2045
1897
1832
1938
2188
2391
2411
2207
1952
1832
1940
2243
2513
2571
2289
1892
1674
1702
1692
1720
1638
1500
1586
1679
1669
1654
1673
1692
1741
1767
1798
1881
2023
2164
2201
2112
1965
1821
1745
1677
1491
1320
1202
1107
1063
1038
1062
1016
928
905
800
833
1110
1487
2301
3179
3750
3803
3187
2220
1349
752
431
317
341
494
817
1335
1982
2602
2979
2969
2449
1685
1015
566
316
197
167
147
140
137
125
137
120
128
124
114
118
150
166
170
181
188
181
170
155
132
116
115
102
93
100
93
87
84
91
84
75
80
82
80
84
86
83
81
80
79
80
79
77
75
76
71
68
67
71
78
68
66
72
61
64
63
77
75
102
93
92
100
92
89
90
83
74
78
72
74
74
78
77
71
69
66
72
73
64
61
57
50
47
45
44
38
30
28
30
26
29
32
28
25
35
43
47
52
64
82
94
116
123
125
129
116
107
87
63
48
38
29
25
17
18
11
9
11
7
12
12
8
11
6
8
10
11
8
10
9
6
5
0
