0
0
1746
5606
2877
2984
3009
2994
3055
3122
3286
3504
4129
4433
6496
6194
3912
3504
3439
3316
3166
3104
3320
3431
3221
2603
2337
2202
2118
2143
2164
2088
2119
2169
2147
2076
2003
2065
2199
2116
1898
1833
1985
2356
2455
2637
2292
1909
1854
2080
2349
2619
2656
2300
2030
1691
1643
1705
1733
1742
1696
1667
1625
1705
1647
1654
1799
1764
1778
1890
1976
2077
2211
2242
2234
2037
1849
1742
1658
1529
1363
1234
1212
1085
1087
1089
1106
964
956
845
843
1050
1622
2396
3453
4091
4022
3225
2146
1226
671
370
294
374
506
857
1393
2282
2968
3147
3100
2315
1563
866
458
280
205
153
149
135
140
130
139
144
128
123
131
139
167
175
208
199
182
164
163
162
140
128
97
91
110
102
101
86
80
98
95
69
86
91
87
90
70
93
90
75
86
90
79
75
91
82
74
96
70
81
79
65
86
69
80
77
70
78
94
107
113
116
125
92
82
92
81
72
84
74
94
65
82
73
61
71
85
69
64
51
59
43
60
47
60
37
36
37
33
30
29
28
29
20
24
43
51
53
76
92
102
114
152
136
134
125
94
81
47
24
28
29
14
13
19
13
4
12
11
13
11
11
7
5
7
9
14
12
5
9
13
17
5
3
6
8
4
9
3
241
