0
0
0
0
0
0
0
0
1397
4782
3200
2867
2904
2901
2944
3018
3161
3415
3864
4540
5633
5665
4368
3493
3321
3213
3090
3051
3175
3263
3080
2600
2290
2143
2056
2070
2090
2023
2046
2090
2073
2011
1958
2004
2084
2025
1874
1818
1958
2205
2386
2429
2220
1928
1850
2011
2261
2483
2507
2248
1965
1673
1597
1644
1673
1682
1642
1612
1581
1632
1603
1616
1705
1715
1735
1816
1908
2008
2108
2157
2121
1982
1816
1696
1601
1480
1335
1219
1160
1073
1050
1052
1060
948
926
828
817
995
1512
2243
3186
3815
3823
3189
2238
1364
765
438
320
356
501
798
1306
2015
2670
2978
2917
2401
1673
1010
547
316
217
161
146
135
133
128
131
136
128
121
122
131
150
166
187
196
182
167
158
156
145
128
109
92
95
103
98
91
81
85
93
79
74
84
86
85
77
79
86
80
78
83
82
76
78
83
78
79
82
72
77
73
68
79
68
77
74
67
77
91
103
108
112
114
90
82
86
79
73
77
77
80
73
72
71
64
67
75
71
62
55
52
49
51
51
52
42
35
34
33
30
29
29
28
23
21
33
45
49
63
81
93
103
128
138
132
125
109
86
66
37
24
27
24
13
12
18
11
4
11
11
11
11
10
7
5
5
8
11
11
7
7
11
0
