0
0
0
0
0
0
0
0
1458
4774
3192
2944
2983
2914
2943
3061
3173
3397
3789
4473
5465
5488
4359
3471
3225
3111
3012
3007
3151
3286
2998
2541
2361
2227
2166
2165
2107
2021
2024
2013
2084
2068
1987
1947
2077
2034
1894
1822
1935
2193
2404
2432
2259
1962
1822
1955
2288
2568
2590
2312
1943
1690
1652
1779
1765
1641
1620
1653
1712
1619
1643
1662
1717
1784
1813
1856
1975
2081
2177
2218
2149
1957
1755
1686
1615
1456
1317
1196
1102
1072
1055
1070
1034
941
867
827
827
1013
1483
2279
3123
3756
3864
3210
2181
1308
704
397
308
348
502
821
1361
2039
2634
2979
2887
2340
1629
1000
555
293
179
140
149
142
141
130
128
138
132
131
149
138
156
176
190
190
180
164
146
144
145
132
124
112
98
97
98
87
86
82
75
76
74
69
81
84
83
80
76
84
80
71
68
73
77
72
65
64
64
69
77
72
66
63
73
66
65
81
92
88
108
102
105
133
103
80
77
74
75
67
80
80
76
70
64
66
69
69
69
74
73
65
60
57
47
40
36
34
33
28
25
26
28
26
30
32
37
34
43
61
72
86
96
121
131
123
118
101
71
53
43
35
26
18
15
15
9
9
13
12
11
11
6
9
6
7
10
4
6
7
6
8
10
0
