0
0
1822
5560
2873
3077
3090
2987
3043
3195
3269
3514
3963
4469
6206
5945
4103
3381
3364
3180
3095
3068
3262
3522
3086
2538
2439
2285
2234
2240
2174
2085
2093
2073
2169
2144
2052
1951
2222
2110
1944
1826
1962
2282
2562
2530
2425
1933
1833
1952
2393
2712
2747
2399
1989
1716
1689
1853
1829
1695
1674
1708
1785
1656
1706
1710
1773
1857
1879
1882
2069
2139
2272
2321
2249
2054
1718
1774
1701
1477
1362
1228
1119
1110
1081
1118
1073
966
891
853
857
1055
1551
2403
3301
3983
4111
3312
2114
1242
614
348
298
343
507
831
1439
2250
2825
3237
3043
2328
1554
906
487
249
167
137
160
144
148
131
135
146
133
139
162
136
174
186
204
191
186
162
139
160
143
132
127
108
93
113
90
89
93
78
78
81
72
71
95
82
90
77
79
94
75
69
72
82
79
68
66
68
64
85
74
72
61
77
71
63
80
98
84
112
107
99
144
113
81
83
73
87
60
88
84
76
78
60
72
73
75
65
84
76
65
62
63
45
40
37
35
38
26
27
27
31
25
35
32
42
34
50
71
78
96
103
139
135
121
123
89
60
48
40
31
20
16
18
10
10
14
13
12
13
7
10
7
8
14
4
8
8
6
10
12
8
14
13
2
5
7
5
4
248
