0
0
0
0
0
0
0
0
1402
4861
3115
2911
2863
2829
2919
3000
3209
3509
3815
4391
5446
5600
4416
3484
3248
3100
2966
2949
3142
3290
3078
2559
2306
2168
2105
2123
2194
2069
2010
2084
2126
2028
1982
2017
2092
2048
1924
1874
1984
2226
2448
2464
2217
1903
1836
2008
2285
2526
2554
2267
1919
1727
1736
1790
1731
1694
1619
1721
1629
1642
1722
1691
1732
1765
1763
1801
1863
2004
2117
2150
2136
2026
1858
1734
1630
1482
1330
1203
1104
1026
1047
1053
1050
962
889
832
827
1027
1546
2226
3126
3695
3765
3233
2258
1364
750
429
326
339
477
787
1321
2013
2663
3007
2883
2350
1629
979
544
306
191
152
146
142
145
143
154
143
128
122
133
125
134
166
170
165
183
177
154
143
129
114
105
98
90
96
87
81
84
82
83
80
79
81
88
79
78
85
88
85
80
73
71
68
66
70
71
68
67
67
68
71
67
61
62
66
69
66
75
90
99
95
123
94
92
92
86
86
79
71
78
77
74
71
69
72
76
71
69
71
65
56
54
53
51
51
37
30
31
27
28
30
30
30
29
29
30
34
51
65
76
87
98
106
119
121
110
89
72
65
51
34
25
20
17
13
23
14
5
9
12
14
7
7
8
6
6
9
10
4
6
7
7
0
