0
0
1753
5699
2753
3061
2938
2912
3048
3083
3344
3677
3973
4326
6169
6212
4037
3434
3387
3164
3049
2975
3297
3484
3218
2540
2371
2226
2170
2196
2274
2132
2072
2162
2218
2080
2038
2073
2201
2136
1963
1895
2019
2310
2603
2617
2332
1845
1862
2052
2378
2661
2714
2339
1953
1757
1795
1860
1787
1751
1669
1794
1673
1690
1807
1725
1798
1841
1798
1883
1878
2100
2225
2210
2257
2100
1893
1779
1707
1516
1365
1228
1139
1032
1095
1087
1093
986
913
857
853
1078
1640
2346
3357
3923
3974
3349
2174
1265
651
368
326
314
504
788
1445
2195
2947
3237
3007
2332
1521
863
471
269
174
151
151
145
153
146
165
142
129
124
145
123
146
187
168
171
207
168
153
144
126
108
114
87
101
102
77
92
80
92
80
87
76
92
89
74
86
93
93
82
81
70
78
63
73
75
71
68
72
69
76
71
64
64
69
72
69
75
92
105
90
135
96
97
96
87
91
84
66
87
77
79
70
74
69
88
67
75
75
68
54
58
54
50
61
30
33
34
26
32
32
31
30
28
33
34
38
61
73
83
95
108
113
134
120
108
77
72
62
40
27
21
20
10
26
17
6
10
12
17
8
9
9
6
5
11
14
2
9
7
9
8
10
6
7
6
7
4
7
249
