0
0
0
0
0
0
0
0
1502
4919
3202
2930
2936
2859
2927
3007
3135
3443
3845
4450
5524
5680
4402
3409
3222
3144
3026
2984
3120
3256
3054
2613
2269
2234
2098
2100
2081
2002
1981
2040
2043
2029
1996
1954
2072
2082
1949
1838
1896
2137
2388
2438
2227
1945
1834
1918
2190
2580
2681
2376
1962
1704
1645
1746
1629
1686
1623
1643
1676
1621
1625
1611
1624
1704
1776
1810
1905
2031
2136
2212
2183
2030
1832
1680
1611
1488
1355
1166
1096
1076
1052
1077
992
937
892
813
821
976
1390
2143
3000
3593
3733
3363
2507
1556
854
464
337
339
441
715
1212
1838
2475
2962
2982
2504
1820
1145
624
349
229
159
137
134
129
135
138
136
131
130
137
144
145
140
151
171
181
190
173
160
143
123
113
91
102
87
88
86
90
86
91
92
81
84
87
84
82
86
89
86
85
85
79
77
73
72
73
81
73
72
69
73
65
64
70
68
69
80
93
104
98
102
100
101
95
89
81
76
88
93
84
77
76
81
79
69
64
70
72
59
63
58
48
48
48
44
39
39
33
28
27
27
27
26
27
29
26
33
52
68
79
89
107
110
144
105
118
96
99
64
43
43
25
21
20
20
14
15
13
11
10
7
8
11
12
8
9
13
9
6
9
11
9
0
