0
0
1888
5776
2828
3081
3035
2931
3060
3120
3233
3613
4078
4382
6354
6270
3924
3355
3357
3250
3101
3044
3266
3452
3148
2633
2293
2323
2153
2180
2152
2064
2048
2129
2114
2101
2077
1955
2231
2168
1997
1843
1932
2252
2561
2594
2277
1922
1871
1968
2279
2787
2824
2414
1968
1732
1699
1826
1668
1759
1667
1708
1753
1655
1700
1653
1674
1789
1872
1835
2017
2118
2240
2331
2277
2064
1851
1688
1693
1491
1399
1139
1135
1109
1084
1126
1001
960
912
820
862
1060
1565
2459
3385
3905
3914
3388
2232
1297
639
371
328
348
481
839
1482
2139
2841
3252
3008
2331
1591
907
454
280
198
137
140
138
129
150
139
141
130
139
148
154
146
145
178
180
204
184
171
159
128
133
85
114
89
95
84
98
89
86
110
78
84
97
85
84
91
95
88
89
93
79
83
74
76
74
89
75
76
71
77
67
67
74
70
73
85
100
112
98
111
100
111
91
98
73
81
99
98
80
81
74
96
72
72
60
84
67
56
75
48
51
49
49
42
37
44
27
30
28
29
29
23
38
25
29
51
69
81
88
113
105
159
106
125
100
104
67
43
47
23
21
21
21
12
19
11
13
9
7
9
16
11
6
14
13
6
8
12
10
8
8
9
6
2
6
2
7
5
230
