0
0
1846
5490
2855
3071
3059
3019
3011
3025
3266
3617
3982
4393
6440
6276
4144
3425
3383
3283
3110
3037
3250
3384
3161
2559
2316
2242
2206
2231
2235
2125
2142
2267
2044
2145
2011
2034
2159
2109
1906
1833
2038
2264
2561
2531
2297
1964
1825
2035
2370
2684
2682
2461
1980
1772
1718
1834
1742
1680
1618
1697
1763
1684
1698
1686
1709
1821
1779
1929
1950
1956
2236
2264
2213
1970
1859
1700
1628
1503
1442
1230
1100
1030
1091
1049
1101
948
943
869
914
1036
1566
2437
3364
4050
3992
3269
2228
1233
647
380
285
332
482
847
1500
2252
2955
3197
3064
2336
1602
903
422
278
183
157
157
131
137
148
127
141
139
143
128
159
143
177
198
166
178
185
162
136
174
114
123
109
94
102
83
83
91
87
69
82
73
75
99
77
81
70
96
93
84
77
69
74
78
69
77
76
74
77
92
78
73
65
76
67
80
74
89
96
101
111
120
104
96
95
80
86
89
74
87
70
93
83
89
61
76
84
68
62
52
58
55
37
35
40
35
30
34
20
18
28
27
30
33
48
44
56
64
71
100
115
120
143
124
106
95
65
49
31
37
20
13
18
10
11
11
17
10
12
8
13
8
9
10
8
8
9
8
14
6
10
7
6
11
10
5
7
10
245
