0
0
0
0
0
0
0
0
1477
4707
3166
2935
2960
2928
2915
2947
3140
3455
3814
4475
5615
5729
4486
3508
3266
3172
3041
2991
3113
3211
3024
2555
2271
2176
2138
2155
2159
2061
2073
2166
2014
2044
1971
1981
2054
2013
1875
1832
1970
2199
2397
2404
2205
1949
1841
1989
2283
2534
2558
2345
1957
1733
1676
1760
1687
1626
1567
1639
1693
1639
1639
1635
1665
1732
1756
1836
1881
1949
2100
2172
2100
1942
1792
1668
1567
1471
1370
1212
1079
1017
1040
1026
1047
932
912
846
880
995
1482
2292
3159
3789
3794
3193
2263
1355
738
426
311
331
483
821
1379
2063
2679
2997
2899
2377
1678
1019
525
300
200
158
151
132
130
139
127
132
134
136
128
145
144
159
182
174
167
174
164
146
146
138
113
111
98
92
89
80
84
86
75
72
75
71
83
84
77
72
81
89
86
79
71
69
72
71
70
73
74
73
78
83
75
68
64
71
66
76
74
86
92
98
108
112
99
93
89
80
82
82
76
78
76
82
84
78
69
70
75
69
60
55
54
52
40
35
36
35
31
30
23
18
23
26
27
29
41
43
50
58
65
86
104
113
127
128
111
97
78
56
40
31
29
17
13
15
9
10
11
15
9
11
8
11
8
7
8
8
7
7
9
10
8
0
