0
0
1857
5500
2802
3097
3024
2982
3152
3088
3324
3514
4162
4449
6275
6166
3962
3413
3312
3197
3153
3096
3240
3348
3176
2583
2348
2286
2233
2295
2244
2087
2150
2202
2192
2039
2030
2022
2186
2139
1919
1821
1973
2227
2512
2599
2334
1908
1908
2042
2386
2709
2630
2411
1973
1716
1766
1757
1687
1645
1699
1772
1776
1664
1703
1706
1738
1850
1823
1862
2010
2009
2323
2326
2207
2017
1816
1744
1675
1515
1385
1169
1123
1151
1095
996
1028
1006
907
816
887
1029
1564
2383
3384
4048
4064
3139
2129
1198
608
359
305
346
500
843
1385
2301
2975
3234
3065
2397
1578
913
499
288
199
154
173
136
167
136
129
128
123
134
130
134
155
180
174
192
151
157
151
136
138
137
100
103
83
100
78
87
87
99
90
80
89
96
61
89
79
74
75
79
80
71
92
78
79
97
84
77
68
66
67
87
72
72
81
71
76
92
98
82
107
114
109
107
108
72
84
81
74
80
82
82
72
68
82
88
58
89
78
90
60
55
46
42
42
34
30
36
23
26
23
27
36
35
44
30
42
54
63
97
99
132
121
116
98
126
83
80
79
43
38
27
15
20
6
7
16
12
12
6
5
5
5
10
10
10
9
14
11
8
6
15
8
5
2
11
3
6
4
258
