0
0
0
0
0
0
0
0
1487
4734
3117
2952
2939
2905
3009
3030
3183
3446
3901
4542
5550
5586
4344
3436
3212
3118
3054
3036
3121
3190
3021
2573
2302
2217
2170
2215
2173
2024
2078
2127
2110
1992
1966
1984
2078
2037
1881
1816
1935
2167
2388
2432
2214
1940
1878
2029
2315
2547
2515
2285
1925
1698
1703
1695
1633
1596
1646
1714
1710
1621
1644
1654
1696
1769
1776
1827
1918
2020
2185
2222
2114
1943
1784
1687
1597
1469
1317
1162
1101
1098
1051
982
988
965
877
798
861
1003
1527
2324
3253
3854
3818
3032
2081
1229
659
390
314
356
518
846
1401
2137
2760
3029
2877
2332
1609
973
546
313
206
160
160
139
155
136
126
125
121
126
127
128
145
168
170
178
158
149
147
137
132
129
111
96
90
87
85
79
85
89
90
82
82
88
73
75
80
74
72
73
75
72
81
81
76
85
87
79
70
65
64
73
76
69
72
74
69
79
90
91
88
105
109
105
103
94
72
81
77
73
76
78
76
69
70
78
75
70
77
80
76
62
52
46
42
39
33
31
30
25
24
23
25
32
34
39
31
38
50
59
88
93
120
120
114
100
114
92
78
76
54
39
29
20
16
12
5
9
14
11
9
5
4
4
5
9
9
9
9
13
10
8
8
0
