0
0
0
0
0
0
0
0
1424
4862
3187
2888
2898
2951
2904
2960
3154
3437
3826
4529
5679
5685
4366
3489
3274
3125
2980
2970
3166
3298
3034
2556
2283
2201
2203
2222
2082
2116
2033
2107
2155
2120
2034
2021
2069
2003
1871
1813
1934
2185
2403
2429
2224
1972
1869
1953
2216
2536
2544
2347
1943
1693
1670
1692
1676
1614
1636
1624
1618
1681
1596
1647
1704
1733
1779
1796
1839
1959
2126
2193
2103
1927
1774
1698
1635
1481
1307
1190
1103
1063
1019
1057
1023
946
873
853
870
1021
1527
2245
3177
3824
3796
3188
2246
1332
748
447
324
331
484
826
1367
2016
2612
2942
2841
2355
1650
991
557
314
203
156
137
146
149
131
141
130
139
145
133
138
148
164
178
182
178
172
153
139
135
131
125
108
94
87
89
87
83
92
92
89
78
63
71
85
82
74
68
67
79
88
81
68
71
67
64
70
70
69
66
60
66
64
67
63
75
88
92
85
91
99
112
107
105
87
73
78
72
69
68
67
67
66
71
76
79
81
79
67
59
68
68
56
47
43
41
35
30
36
32
30
29
25
23
22
32
39
47
54
82
90
111
125
137
130
104
98
84
59
45
33
26
20
17
16
10
13
9
8
10
7
7
5
4
7
10
11
9
8
8
7
9
0
