0
0
1780
5678
2844
3014
2988
3076
2970
3057
3285
3562
4015
4438
6551
6218
3902
3534
3354
3238
3024
3016
3313
3510
3141
2566
2329
2265
2279
2302
2144
2190
2092
2184
2238
2197
2086
2069
2176
2083
1917
1820
1965
2274
2539
2592
2303
1984
1887
1987
2240
2742
2638
2485
1970
1718
1726
1752
1735
1668
1692
1678
1664
1761
1623
1705
1773
1779
1857
1848
1885
1997
2240
2312
2197
1978
1808
1737
1737
1523
1326
1231
1121
1108
1030
1110
1059
973
896
881
902
1062
1604
2349
3372
4079
3987
3292
2234
1215
689
399
311
309
490
836
1476
2175
2845
3181
2967
2391
1566
884
495
275
193
152
139
155
156
130
150
130
148
152
132
148
156
178
189
189
182
179
145
145
133
142
122
107
88
92
98
82
88
103
88
99
66
68
80
98
75
76
66
73
92
95
74
64
84
56
75
74
69
79
53
73
64
73
63
74
90
97
87
95
99
117
111
114
95
72
85
73
71
70
70
71
67
74
81
84
85
82
76
44
84
68
58
45
44
44
35
29
42
30
33
29
25
22
23
38
43
52
59
96
94
127
133
149
124
96
108
69
54
38
30
22
18
20
11
14
10
9
11
8
8
6
5
8
12
13
9
10
9
6
12
7
8
8
8
5
6
4
5
223
