0
0
1812
5637
2819
2998
3026
2966
2977
3173
3289
3490
4151
4505
6248
6081
4144
3354
3448
3122
3121
3138
3234
3353
3216
2529
2372
2286
2305
2282
2171
2083
2119
2104
2139
2110
2009
2102
2130
2164
1995
1866
1933
2251
2482
2614
2355
1903
1856
1988
2350
2619
2761
2335
1955
1669
1785
1729
1772
1640
1704
1617
1707
1717
1766
1691
1824
1805
1862
1876
2048
2162
2320
2352
2290
1995
1742
1658
1565
1488
1332
1184
1150
1160
1036
1070
1030
968
930
866
839
1062
1562
2439
3344
4031
4065
3226
2161
1284
705
398
319
334
514
890
1418
2203
2878
3214
2923
2362
1591
914
507
241
196
159
146
129
137
157
145
151
149
140
117
150
168
181
207
204
184
158
178
156
168
114
93
102
92
96
104
75
91
82
79
81
94
81
71
84
85
91
78
92
66
93
83
80
80
64
65
73
83
84
83
68
81
65
62
72
75
72
106
105
110
119
93
114
102
90
90
85
66
77
64
83
90
86
77
76
71
67
72
58
63
55
53
53
47
32
34
42
34
26
22
26
24
26
27
30
53
56
86
64
103
121
112
119
134
118
94
88
51
32
31
29
13
17
16
12
19
13
9
8
11
8
9
13
7
15
15
9
8
11
16
8
7
9
11
7
9
5
2
253
