0
0
0
0
0
0
0
0
1450
4834
3161
2871
2920
2883
2894
3034
3176
3416
3890
4551
5520
5575
4413
3485
3248
3109
3022
3047
3124
3197
3046
2550
2311
2223
2227
2207
2105
2019
2047
2039
2063
2034
1972
2020
2060
2055
1942
1849
1923
2153
2375
2438
2237
1935
1834
1971
2253
2508
2571
2267
1905
1662
1710
1679
1706
1589
1646
1573
1644
1663
1693
1665
1739
1759
1792
1846
1968
2100
2214
2254
2163
1942
1726
1603
1519
1426
1294
1170
1120
1102
1026
1025
996
941
901
841
813
1017
1494
2312
3164
3793
3832
3152
2197
1358
774
452
333
350
513
849
1360
2019
2642
2962
2823
2330
1660
1016
568
296
198
162
144
128
129
146
143
144
145
138
120
136
156
171
190
198
183
164
162
161
152
131
100
92
93
90
94
86
80
84
78
77
84
84
74
75
80
84
81
83
75
79
82
80
78
70
62
65
74
79
80
75
70
73
62
61
69
72
78
102
101
107
109
93
107
97
88
86
78
68
69
68
78
84
82
77
73
69
66
65
61
58
56
52
51
45
34
32
37
34
27
22
24
24
23
24
27
45
52
74
67
87
109
111
111
122
120
101
88
66
41
30
29
22
13
16
14
12
17
12
8
7
10
7
8
10
8
13
13
9
8
10
12
0
