0
0
1749
5614
2916
3067
2917
2992
3068
3113
3277
3548
4077
4350
6309
6230
3967
3429
3409
3247
3037
3068
3247
3416
3249
2558
2324
2295
2260
2285
2131
2091
2048
2169
2229
2012
2039
2130
2122
2096
1969
1884
1962
2282
2641
2737
2310
1866
1861
2025
2322
2689
2786
2358
2015
1742
1756
1760
1747
1673
1676
1728
1721
1801
1681
1697
1713
1777
1834
1846
1929
1992
2267
2227
2283
1938
1842
1759
1735
1516
1361
1152
1081
1083
1053
1044
1100
1002
942
806
826
1044
1532
2366
3321
3885
4051
3242
2234
1242
679
409
319
332
455
854
1442
2251
2823
3225
3067
2513
1555
916
495
260
190
134
157
155
133
142
142
149
154
120
134
127
168
170
184
180
176
165
156
139
120
115
98
99
106
103
82
82
88
98
80
95
110
96
99
77
98
70
79
65
69
77
80
74
69
75
87
68
75
84
73
69
86
74
74
63
83
77
96
95
113
107
120
111
86
94
83
91
77
84
86
96
70
72
85
60
89
83
82
70
82
47
51
56
52
46
35
35
34
32
30
20
20
31
35
40
44
65
92
88
111
117
128
134
128
117
95
88
57
44
24
24
20
11
9
15
12
20
9
10
13
11
14
7
9
15
9
5
11
5
4
7
8
8
10
8
5
12
5
234
