0
0
0
0
0
0
0
0
1398
4790
3233
2940
2850
2881
2952
3015
3159
3431
3837
4451
5521
5639
4391
3466
3272
3147
2997
2987
3122
3243
3090
2574
2281
2222
2189
2207
2071
2024
1988
2085
2128
1983
1977
2039
2050
2010
1918
1857
1943
2201
2482
2530
2245
1912
1833
1976
2246
2542
2610
2306
1968
1719
1695
1700
1690
1620
1619
1665
1670
1719
1646
1638
1661
1712
1761
1796
1856
1964
2112
2175
2121
1944
1790
1718
1643
1491
1318
1149
1060
1044
1023
1014
1052
978
916
793
795
988
1437
2199
3071
3653
3795
3217
2295
1399
779
464
339
335
462
787
1324
1994
2598
2967
2948
2498
1732
1040
583
311
201
143
145
150
135
134
136
141
145
126
125
125
146
163
171
175
172
164
154
142
125
113
103
94
98
100
90
79
81
89
86
83
98
99
94
85
85
80
74
69
65
69
74
75
70
69
75
77
68
74
77
70
69
81
71
70
63
80
77
92
93
108
106
113
104
87
87
83
84
79
79
84
84
74
71
74
71
76
82
78
73
70
56
48
52
52
46
37
33
33
32
30
23
20
26
31
35
40
55
77
86
97
109
117
125
126
119
104
89
74
50
36
23
23
17
10
8
14
12
17
9
8
11
11
11
8
8
12
9
6
7
6
4
0
