0
0
1791
5746
2777
3069
3023
3016
3056
3122
3286
3580
4014
4417
6274
6161
3967
3452
3364
3290
3088
3014
3280
3429
3021
2516
2290
2228
2252
2234
2255
2094
2147
2124
2119
2149
2061
2106
2107
2115
1958
1873
2037
2214
2569
2616
2388
1891
1814
1993
2470
2693
2752
2421
1909
1782
1751
1713
1784
1754
1634
1646
1593
1766
1753
1677
1719
1775
1893
1770
1990
2068
2191
2402
2259
2094
1819
1715
1733
1502
1347
1238
1112
1076
1087
1061
1056
1037
923
852
883
1035
1460
2366
3446
4041
3936
3288
2200
1266
664
412
300
323
498
870
1371
2218
2886
3302
3058
2288
1606
867
480
281
199
172
149
150
128
144
158
124
128
120
133
122
137
150
179
202
165
158
153
121
132
130
105
96
101
89
109
103
88
88
85
93
86
87
81
66
83
82
80
81
75
72
83
93
83
81
85
70
78
83
80
73
89
59
74
65
84
69
86
101
107
110
109
96
118
101
85
87
65
74
75
94
78
93
79
65
71
62
81
79
72
55
52
31
38
30
37
27
26
21
21
20
24
32
29
55
49
52
99
80
112
123
133
112
140
120
80
75
60
47
33
21
18
13
10
8
11
9
12
8
11
14
7
10
10
16
9
12
11
9
11
6
10
12
8
3
10
5
5
252
