0
0
0
0
0
0
0
0
1426
4901
3150
2918
2931
2919
2949
3018
3169
3441
3820
4459
5505
5596
4380
3470
3264
3165
3026
2974
3128
3226
2943
2501
2243
2162
2173
2162
2177
2035
2069
2057
2051
2062
2014
2025
2036
2014
1914
1863
1962
2167
2400
2469
2264
1936
1806
1972
2321
2566
2602
2333
1908
1736
1694
1660
1719
1698
1588
1587
1558
1680
1689
1640
1660
1722
1781
1780
1882
2001
2126
2235
2190
2015
1812
1688
1630
1484
1322
1204
1098
1048
1046
1030
1021
1005
907
832
848
982
1367
2172
3147
3760
3766
3229
2318
1420
792
463
330
329
476
787
1274
1945
2615
3024
2955
2397
1710
1039
569
325
215
174
150
145
130
134
147
129
122
119
122
122
125
140
161
183
175
156
149
133
120
125
114
97
93
93
94
103
93
85
85
85
86
84
82
73
72
78
79
78
76
72
74
82
85
81
80
78
70
75
79
77
74
81
58
70
64
80
68
84
97
102
105
104
98
108
98
86
79
69
68
75
82
83
82
78
68
64
65
72
77
70
59
50
36
33
31
32
30
27
23
21
20
21
26
28
42
48
49
74
84
93
111
121
120
119
128
102
76
68
55
41
29
20
17
12
9
7
9
9
10
8
9
11
8
8
10
13
11
9
11
9
9
0
