0
0
1786
5789
2810
3062
3060
3017
2986
3038
3254
3531
4008
4356
6260
6265
3972
3365
3330
3151
3036
3041
3221
3418
3095
2552
2303
2286
2276
2217
2180
2104
2160
2267
2130
2100
2141
2072
2221
2083
1998
1781
2014
2225
2552
2586
2381
1958
1871
2086
2395
2719
2714
2464
1964
1675
1723
1726
1724
1685
1675
1731
1751
1762
1631
1725
1754
1768
1742
1911
1967
2048
2384
2302
2294
1978
1773
1674
1635
1509
1440
1209
1112
1108
1116
1094
1076
929
930
793
880
1068
1530
2368
3349
3926
4084
3210
2305
1266
699
384
335
315
494
776
1414
2247
2846
3250
3070
2417
1560
885
466
255
196
138
159
126
162
155
132
130
138
128
126
131
157
205
193
213
183
167
167
147
138
109
118
111
99
106
96
107
95
93
96
73
99
93
78
80
90
83
102
97
69
67
78
67
71
70
76
84
89
63
75
63
65
71
77
64
69
75
103
83
121
118
94
117
80
72
85
73
77
100
94
74
75
74
106
67
75
86
74
78
56
41
53
47
40
46
32
27
32
31
32
27
29
31
38
43
44
46
81
103
95
105
122
156
147
114
80
69
54
40
31
29
21
21
12
8
9
13
12
1
11
8
9
6
12
7
8
10
10
6
6
7
9
8
13
6
5
0
8
238
