0
0
0
0
0
0
0
0
1429
4937
3174
2919
2959
2926
2899
2947
3125
3407
3796
4428
5504
5640
4387
3421
3198
3076
2966
2968
3102
3216
2989
2538
2265
2213
2201
2148
2111
2039
2086
2172
2077
2039
2053
2039
2094
2029
1910
1820
1934
2169
2393
2447
2261
1977
1873
2029
2310
2564
2586
2354
1937
1659
1661
1668
1668
1631
1620
1670
1691
1690
1607
1655
1691
1702
1720
1819
1904
2029
2203
2246
2154
1950
1746
1636
1567
1477
1369
1203
1095
1073
1075
1060
1035
914
898
778
843
1017
1444
2215
3107
3698
3822
3201
2317
1421
786
456
336
339
466
765
1297
1999
2620
2990
2940
2434
1692
1012
551
299
203
147
147
129
147
151
134
127
130
127
123
124
143
179
192
197
188
169
160
150
136
119
108
111
102
97
98
96
98
91
90
82
82
92
83
77
81
84
89
94
81
68
68
70
67
67
68
75
82
77
65
68
61
63
69
72
61
66
77
96
87
117
111
96
103
80
73
78
73
77
90
87
76
71
79
87
76
71
77
76
70
58
46
46
47
41
41
34
28
28
30
29
28
27
28
33
39
40
42
65
89
93
96
109
134
145
126
95
73
61
48
36
29
26
20
18
11
7
8
12
9
2
9
8
7
6
9
8
6
8
9
7
5
0
