0
0
1797
5565
2883
2935
3039
2896
2907
3132
3334
3558
4022
4380
6347
6143
4019
3295
3376
3205
3240
3087
3268
3477
3103
2540
2331
2360
2265
2316
2222
2065
2144
2137
2164
2107
2105
2025
2157
2092
1873
1910
2012
2330
2521
2634
2212
1859
1787
1989
2439
2676
2761
2332
1960
1646
1755
1730
1768
1744
1775
1649
1816
1719
1698
1683
1779
1856
1940
1881
1971
2084
2215
2253
2274
2057
1908
1785
1583
1493
1363
1222
1112
1096
1093
1119
1074
965
886
816
872
1041
1503
2315
3278
4042
4034
3246
2246
1259
720
369
276
349
489
843
1460
2255
2831
3277
3065
2331
1579
971
497
270
185
152
142
138
160
148
166
147
128
120
130
158
164
190
198
202
179
172
142
156
119
122
99
103
114
101
94
79
81
79
75
76
97
87
82
65
83
87
79
78
72
71
84
85
69
108
58
77
67
80
78
56
65
68
74
77
78
96
83
91
116
106
106
98
93
71
68
80
78
73
82
80
83
76
72
71
78
87
56
52
71
52
53
39
48
36
44
42
43
21
33
29
34
31
34
51
55
43
74
96
110
104
121
150
112
101
92
69
52
44
31
20
25
14
12
17
14
10
12
14
17
9
5
11
9
3
15
6
8
4
14
8
3
8
12
7
7
6
5
235
