0
0
0
0
0
0
0
0
1431
4757
3208
2828
2913
2830
2826
2993
3198
3443
3812
4454
5528
5618
4371
3408
3210
3152
3097
3052
3146
3264
3007
2536
2287
2272
2200
2235
2155
2007
2065
2067
2083
2047
2026
1992
2046
1998
1870
1857
1984
2211
2411
2428
2171
1870
1784
1961
2301
2552
2591
2279
1917
1639
1684
1675
1707
1688
1712
1612
1730
1674
1644
1642
1711
1791
1846
1848
1904
2011
2113
2171
2148
2016
1860
1720
1566
1444
1326
1198
1097
1063
1059
1074
1041
944
865
797
835
988
1406
2145
3031
3740
3822
3226
2317
1427
806
452
308
334
480
790
1322
1995
2604
2994
2948
2411
1707
1088
606
321
201
155
141
135
148
146
154
147
130
119
120
143
155
173
187
192
182
168
152
142
134
115
107
96
103
104
94
84
76
78
75
73
82
89
83
72
72
80
81
77
74
70
73
79
76
82
84
65
70
69
76
70
57
62
66
71
74
77
91
81
90
109
103
101
95
86
71
68
73
75
73
76
78
78
75
71
69
74
76
63
54
60
56
50
42
42
38
39
41
40
26
27
30
30
31
30
42
50
46
58
81
98
102
107
129
129
104
94
81
61
48
39
28
19
22
13
11
16
13
10
10
12
14
9
5
8
8
5
10
8
6
6
8
0
