0
0
1851
5709
2892
3009
3021
3038
2914
3189
3309
3488
4056
4519
6303
6091
4053
3478
3372
3232
3061
3067
3242
3433
3045
2674
2339
2259
2200
2237
2160
2195
2094
2186
2171
2112
2030
2049
2228
2160
1929
1917
2021
2299
2493
2572
2279
1915
1910
1998
2354
2633
2739
2304
1969
1791
1616
1747
1779
1633
1652
1663
1747
1746
1765
1686
1747
1709
1860
1874
1944
2081
2196
2312
2181
1991
1806
1652
1693
1551
1356
1251
1154
1069
1102
1101
1066
990
909
855
803
1080
1532
2380
3326
4108
4009
3303
2220
1290
686
403
318
327
480
795
1366
2174
2912
3212
3028
2390
1596
921
499
302
178
153
159
173
137
150
116
142
135
148
122
146
145
167
183
210
190
183
153
148
127
120
106
84
99
103
96
108
90
86
93
83
72
75
92
89
96
84
78
70
70
83
81
75
83
97
81
93
63
78
77
62
84
63
68
62
79
73
92
109
117
111
95
105
87
73
74
88
74
85
90
80
89
71
64
76
74
73
56
77
68
53
58
58
46
34
31
34
32
21
24
26
30
30
34
32
46
49
72
92
104
112
148
130
112
103
91
56
55
42
38
27
20
16
14
7
21
11
5
11
10
14
16
5
10
14
8
9
7
5
7
12
5
12
7
7
6
7
4
232
