0
0
0
0
0
0
0
0
1473
4880
3237
2888
2916
2924
2867
3025
3188
3400
3829
4524
5531
5587
4412
3510
3265
3133
3005
2989
3117
3224
2979
2620
2307
2191
2132
2157
2094
2118
2037
2099
2096
2043
1980
2001
2101
2063
1919
1875
1980
2187
2373
2405
2205
1942
1863
1972
2241
2502
2569
2263
1937
1741
1584
1678
1716
1587
1594
1608
1676
1689
1693
1652
1669
1684
1762
1818
1884
1995
2112
2176
2108
1942
1769
1645
1602
1506
1344
1222
1127
1052
1058
1064
1035
967
890
834
784
1004
1421
2174
3050
3766
3833
3276
2357
1461
821
472
337
333
452
733
1223
1905
2588
2980
2930
2461
1757
1082
604
348
208
156
151
162
143
141
122
129
132
137
128
131
141
151
170
188
193
179
163
144
134
119
109
94
87
96
97
97
97
86
85
85
77
71
79
85
88
87
81
73
68
72
77
77
76
83
86
83
82
66
74
72
64
78
60
65
60
76
73
89
104
112
106
94
96
85
73
73
80
77
79
84
82
80
73
66
68
72
69
62
66
68
56
54
56
49
36
31
30
31
25
22
23
27
28
29
30
37
44
57
77
92
102
122
135
120
105
96
78
54
51
40
35
26
19
15
13
9
18
10
5
9
10
12
13
8
8
11
10
7
7
5
5
0
