0
0
1746
5660
2965
3110
2955
2930
3034
3151
3366
3578
4004
4477
6303
6152
3940
3495
3305
3209
3147
3054
3327
3446
3146
2572
2407
2249
2255
2303
2234
2076
2152
2168
2216
2083
2034
2045
2176
2071
2002
1827
1928
2232
2547
2632
2387
1920
1871
2005
2406
2654
2715
2267
2011
1740
1736
1771
1756
1692
1676
1738
1694
1689
1715
1628
1765
1800
1776
1910
1905
2050
2279
2291
2205
2084
1844
1679
1661
1546
1383
1249
1156
1080
1142
1086
1038
972
924
840
862
1109
1585
2360
3318
4072
3916
3288
2151
1250
677
386
288
331
483
838
1398
2168
2813
3196
3054
2325
1569
858
474
302
196
157
154
119
145
147
131
130
122
124
123
146
165
198
197
180
186
182
152
143
143
119
113
111
105
91
73
99
109
89
99
100
111
91
95
85
79
84
81
94
84
75
81
71
88
75
84
77
72
58
62
70
65
63
62
64
68
78
91
105
102
109
103
108
94
91
82
78
66
81
74
69
92
62
74
76
80
83
72
61
49
60
41
54
55
40
29
35
38
25
27
26
18
24
28
37
36
60
77
82
124
126
123
134
113
114
90
89
64
44
36
25
13
21
12
16
12
7
16
12
5
8
15
10
15
9
4
8
3
9
7
9
7
12
5
8
3
9
8
224
