0
0
0
0
0
0
0
0
1397
4843
3281
2985
2886
2845
2921
3042
3227
3465
3830
4504
5553
5589
4358
3470
3232
3120
3044
3023
3172
3262
3027
2571
2339
2196
2182
2223
2165
2015
2076
2098
2127
2029
1978
1995
2061
2013
1918
1829
1907
2156
2406
2470
2261
1955
1849
1994
2294
2530
2538
2225
1945
1716
1683
1709
1696
1637
1623
1676
1642
1636
1646
1606
1689
1730
1747
1818
1874
2000
2153
2194
2126
1991
1805
1660
1587
1489
1348
1220
1124
1067
1087
1054
1005
945
895
817
831
1060
1513
2246
3130
3801
3747
3165
2204
1334
751
433
313
334
486
807
1324
1982
2594
2955
2883
2349
1636
977
542
326
212
160
149
123
134
140
130
127
120
119
118
134
154
180
190
180
177
176
158
142
136
125
112
109
104
93
81
83
99
96
90
95
101
97
89
86
80
78
80
85
86
78
75
73
76
78
78
77
73
64
58
61
65
62
60
59
61
68
78
90
101
99
104
99
100
91
87
80
73
68
74
72
73
77
69
68
73
76
77
70
59
53
51
47
48
51
41
32
31
34
27
25
26
19
21
25
32
34
51
68
76
106
119
120
124
119
109
97
87
73
53
39
29
20
14
18
12
15
11
8
15
10
4
8
13
10
12
8
4
6
4
6
7
0
