0
0
0
0
0
0
0
0
1380
4760
3115
2883
2921
2871
2975
3071
3209
3526
3897
4508
5576
5613
4360
3477
3257
3116
2965
2971
3118
3251
2998
2549
2319
2244
2236
2130
2090
2068
2067
2064
2010
1957
2008
2004
2120
2039
1902
1842
1954
2195
2406
2444
2223
1923
1784
1928
2254
2522
2545
2303
1906
1687
1611
1652
1699
1631
1564
1592
1683
1703
1680
1648
1676
1734
1796
1841
1923
2031
2129
2152
2073
1928
1777
1653
1557
1444
1309
1191
1103
1043
1047
1037
1073
1004
889
877
799
1023
1508
2349
3361
3897
3901
3183
2207
1289
709
429
318
327
486
818
1332
2040
2685
3012
2927
2422
1664
999
560
307
178
152
166
130
138
119
116
141
122
130
131
127
151
170
187
190
187
179
160
149
143
126
112
100
91
92
88
85
83
80
90
94
91
90
78
69
77
73
70
78
83
75
72
65
66
68
63
71
79
79
81
78
67
75
81
73
68
65
79
76
77
97
111
115
104
88
82
79
78
80
78
84
79
82
89
87
75
64
65
63
57
62
63
50
44
45
37
28
29
31
28
31
25
24
25
24
45
45
50
55
77
93
103
115
129
129
104
96
77
62
47
36
27
17
18
15
14
13
13
8
10
9
8
5
4
7
5
7
12
10
8
9
11
0
