0
0
1724
5559
2789
3017
3023
2939
3107
3180
3294
3695
4083
4409
6368
6168
3956
3486
3343
3247
2974
3069
3211
3480
3100
2561
2373
2311
2318
2193
2158
2136
2137
2135
2077
1999
2103
2015
2267
2103
1954
1856
1970
2301
2498
2648
2295
1960
1748
1946
2337
2667
2682
2428
1930
1730
1651
1708
1764
1687
1616
1641
1744
1764
1740
1692
1730
1787
1870
1885
1984
2089
2228
2246
2169
1987
1838
1688
1624
1499
1347
1223
1138
1058
1094
1056
1128
1040
909
909
823
1060
1558
2436
3554
4095
4145
3276
2236
1202
651
402
300
312
462
864
1316
2236
2895
3238
3093
2502
1575
926
501
277
155
157
181
122
148
118
122
152
121
139
135
130
166
179
202
194
195
184
154
155
147
119
117
93
98
95
85
94
78
86
100
96
94
93
72
74
86
69
75
87
86
70
78
59
77
68
63
85
81
80
90
68
72
87
77
74
62
82
80
73
97
114
120
113
93
84
81
78
88
75
94
78
83
96
89
83
59
69
75
45
71
72
46
45
51
38
25
33
32
27
36
23
26
25
24
53
45
54
59
88
101
111
124
139
130
96
103
65
64
36
40
16
21
16
15
13
17
9
11
10
9
6
5
8
6
8
14
10
8
10
14
6
9
7
11
7
5
4
5
264
