0
0
1696
5639
2973
3010
2961
3086
3070
3127
3292
3614
4093
4454
6185
6088
3954
3407
3355
3152
3114
2991
3288
3389
3154
2521
2270
2238
2269
2289
2199
2119
2093
2170
2166
2092
1977
2038
2152
2099
1949
1851
1986
2227
2550
2677
2284
1888
1908
2000
2350
2754
2731
2440
1963
1746
1738
1744
1698
1692
1615
1684
1743
1736
1668
1752
1714
1815
1933
1843
1988
2058
2284
2321
2157
2107
1885
1844
1661
1563
1367
1212
1152
1116
1135
1067
1017
1009
930
883
852
1056
1594
2361
3298
3975
3991
3200
2291
1308
668
426
299
332
495
846
1419
2140
2919
3168
3089
2338
1583
911
529
271
176
145
139
140
140
138
132
121
140
136
151
139
149
152
172
189
170
172
155
132
123
124
123
112
98
97
86
83
79
70
93
90
93
86
86
77
72
107
83
78
84
98
88
70
82
83
66
66
78
68
66
79
88
98
79
67
65
76
86
93
120
124
116
99
99
93
77
82
79
62
79
71
70
85
64
91
86
72
67
61
61
66
48
50
61
35
41
33
38
32
25
27
26
21
45
49
45
68
71
68
101
104
120
130
135
114
86
76
38
51
37
23
18
17
13
12
13
10
12
9
5
16
14
14
14
15
8
15
12
7
9
10
9
6
2
11
4
4
7
230
