0
0
0
0
0
0
0
0
1356
4802
3283
2904
2876
2957
2977
3027
3180
3475
3880
4493
5469
5528
4335
3441
3222
3098
3001
2972
3124
3222
3017
2524
2231
2170
2190
2210
2132
2054
2029
2088
2089
2022
1940
1975
2049
2014
1900
1840
1937
2163
2412
2471
2219
1925
1858
1982
2273
2579
2599
2340
1941
1715
1681
1683
1644
1638
1566
1625
1678
1673
1631
1675
1680
1754
1828
1830
1902
2019
2160
2200
2117
2003
1871
1756
1632
1499
1340
1196
1121
1088
1086
1038
990
975
906
858
826
1004
1497
2220
3075
3714
3771
3169
2309
1433
785
463
333
336
485
802
1308
1962
2612
2974
2912
2396
1681
1038
597
325
193
148
137
135
134
135
129
119
129
131
140
138
140
145
158
175
173
164
156
138
123
118
119
113
102
93
88
82
79
73
78
89
88
86
84
79
73
86
89
80
78
86
89
78
74
78
73
65
67
70
66
66
77
87
90
74
64
64
75
84
94
116
117
110
97
94
87
77
77
73
66
70
70
71
74
72
79
82
72
65
60
58
59
51
48
53
41
37
34
34
32
27
25
25
22
35
44
45
57
66
67
84
97
108
119
126
120
98
79
58
40
44
30
21
17
16
12
11
12
9
11
8
7
14
14
13
13
12
9
12
11
8
7
0
