0
0
0
0
0
0
0
0
1412
4754
3232
2844
2863
2933
2934
3047
3213
3460
3828
4422
5454
5653
4443
3430
3222
3131
2995
2970
3162
3275
3075
2540
2309
2207
2140
2152
2174
2116
2080
2017
2087
2064
1969
1986
2034
2023
1914
1841
1922
2151
2375
2440
2255
1962
1811
1971
2299
2593
2577
2286
1947
1698
1672
1645
1700
1688
1601
1640
1686
1700
1661
1629
1696
1716
1747
1805
1862
1993
2159
2211
2144
1999
1825
1692
1602
1452
1338
1234
1104
1048
1045
1084
1010
938
899
780
833
1002
1419
2160
3014
3730
3834
3308
2370
1456
814
459
329
335
462
748
1225
1882
2567
3009
2974
2485
1751
1063
607
327
199
152
143
158
139
130
144
140
139
130
127
141
143
152
171
179
186
183
167
152
137
131
121
92
87
92
98
95
92
84
76
81
85
85
85
84
79
74
80
86
80
75
73
72
75
74
75
75
74
59
57
66
71
73
64
57
68
85
92
84
85
88
94
101
97
93
81
76
78
69
60
65
72
74
76
82
79
74
75
71
66
60
58
46
49
51
45
41
36
30
26
19
19
25
29
33
38
46
51
59
74
92
102
101
114
124
115
88
80
57
49
35
28
24
16
18
15
14
13
16
8
5
9
11
11
11
10
6
5
8
7
6
6
0
