0
0
1774
5570
2915
2951
2963
3061
3011
3182
3336
3590
4042
4380
6168
6306
4037
3328
3378
3223
3067
3003
3346
3442
3213
2508
2374
2273
2208
2231
2254
2184
2151
2070
2181
2145
2001
2063
2116
2130
1949
1872
1943
2274
2491
2629
2313
1988
1762
2050
2400
2778
2698
2342
1979
1724
1734
1700
1765
1744
1647
1704
1752
1767
1716
1655
1793
1761
1808
1889
1904
2062
2312
2292
2240
2046
1861
1712
1690
1446
1384
1264
1110
1078
1081
1133
1029
959
924
785
879
1068
1545
2387
3299
4081
4015
3336
2188
1273
671
377
316
328
503
819
1394
2144
2901
3274
3051
2395
1558
891
509
260
179
145
148
172
131
136
159
137
149
125
135
155
141
174
183
190
199
178
168
145
134
146
99
91
91
103
100
96
93
78
82
89
88
87
92
82
78
73
97
86
75
80
69
82
73
81
75
84
60
59
70
75
77
67
60
70
89
98
86
90
93
98
108
98
101
78
78
87
67
59
72
79
74
80
93
74
80
76
73
67
58
66
38
58
49
45
40
35
28
24
16
23
30
34
38
43
56
52
74
85
113
98
115
130
130
93
89
61
54
38
30
25
17
20
15
14
12
21
6
7
12
12
12
12
11
4
9
8
8
4
11
8
12
12
9
1
3
5
6
240
