0
0
0
0
0
0
0
0
1458
4792
3152
2856
2922
2900
2941
3009
3131
3374
3808
4482
5526
5615
4436
3517
3258
3137
3041
2995
3120
3229
2997
2565
2268
2216
2222
2208
2157
2059
2066
2089
2076
2017
1966
2024
2064
2019
1924
1840
1919
2124
2354
2444
2296
2003
1836
1943
2262
2549
2586
2333
2000
1750
1716
1645
1643
1603
1633
1656
1647
1623
1648
1668
1681
1708
1768
1822
1868
1995
2167
2235
2167
1985
1819
1742
1677
1524
1329
1165
1081
1055
1054
1029
1025
954
901
839
835
948
1403
2143
3086
3695
3834
3301
2375
1509
840
462
335
328
454
732
1198
1887
2539
2944
2920
2494
1767
1079
608
322
201
153
143
149
151
141
139
141
142
129
118
125
144
161
170
177
171
154
154
142
133
123
113
104
98
94
88
93
77
80
77
72
82
88
87
88
88
81
81
84
77
74
71
70
68
76
70
59
65
65
71
72
60
64
82
78
83
65
76
89
95
99
103
96
85
83
84
79
78
77
74
80
77
74
82
80
71
67
75
67
61
56
46
49
51
46
40
39
34
28
22
26
24
19
18
28
37
42
46
58
79
92
108
116
115
124
114
93
77
56
50
37
28
24
16
19
13
10
6
12
9
10
9
9
9
7
10
11
7
6
10
13
9
0
