0
0
1833
5624
2795
2992
3037
2987
3058
3118
3251
3476
4060
4433
6369
6083
4085
3473
3371
3212
3151
3033
3271
3420
3086
2584
2302
2293
2303
2284
2228
2121
2143
2167
2152
2082
2007
2116
2162
2084
2004
1815
2014
2175
2534
2572
2416
1981
1838
1983
2396
2709
2717
2386
2029
1777
1777
1695
1704
1654
1697
1719
1705
1669
1717
1729
1743
1761
1846
1906
1905
2075
2323
2315
2290
1981
1855
1788
1755
1545
1338
1169
1104
1089
1093
1059
1064
970
922
855
867
1010
1568
2390
3479
3968
4087
3224
2182
1324
638
389
319
312
522
814
1376
2253
2824
3226
2946
2423
1513
904
475
246
179
145
149
160
154
139
146
150
144
124
119
141
161
175
181
191
159
165
152
140
133
121
112
101
106
82
109
78
83
87
70
79
99
86
95
91
90
73
100
74
81
71
77
64
83
76
58
69
66
75
76
62
67
85
80
88
65
80
95
100
103
111
99
83
88
92
73
89
75
74
96
66
85
84
87
63
74
85
59
69
51
45
57
50
45
38
45
29
27
19
33
18
18
22
40
42
48
51
79
92
107
125
115
132
123
99
83
58
53
39
29
25
16
22
12
13
4
17
7
14
7
12
7
6
16
8
6
7
17
11
8
3
5
4
3
11
10
6
5
246
