0
0
0
0
0
0
0
0
1619
4839
3140
2855
2986
2965
3017
3097
3180
3410
3857
4474
5535
5669
4346
3381
3219
3112
3010
3027
3178
3292
3060
2525
2312
2224
2212
2119
2212
2055
2039
2066
2092
2071
1982
2064
2104
2062
1920
1830
1917
2175
2403
2431
2202
1935
1835
1959
2257
2508
2505
2220
1868
1721
1678
1665
1726
1615
1674
1618
1649
1606
1701
1654
1695
1706
1734
1834
1896
1991
2157
2201
2094
1947
1795
1669
1577
1451
1296
1144
1077
1069
1064
1069
1012
934
876
840
828
993
1615
2387
3268
3988
3808
3074
2089
1216
646
384
314
344
549
892
1430
2141
2762
3017
2815
2231
1512
904
509
287
181
159
147
145
151
141
138
127
127
142
121
142
142
168
205
188
178
167
164
147
126
122
117
109
106
96
89
91
82
80
87
93
91
82
80
75
76
83
75
69
75
77
80
76
76
73
88
77
67
65
76
66
63
67
71
71
75
80
85
92
93
103
100
100
92
94
83
73
80
75
81
85
73
70
65
71
77
80
70
66
65
59
57
55
46
36
34
34
28
21
19
24
29
28
27
37
51
54
52
61
82
89
127
130
122
124
126
99
79
61
53
37
19
16
16
12
11
10
10
11
11
11
11
13
10
8
8
6
7
5
8
7
8
0
