0
0
2011
5579
2823
2969
3110
3041
3126
3210
3271
3480
4109
4364
6170
6432
3886
3318
3383
3176
3081
3085
3293
3483
3231
2494
2381
2282
2296
2171
2294
2121
2103
2133
2163
2154
2008
2144
2180
2167
1971
1857
1895
2260
2497
2628
2292
1958
1843
1944
2317
2640
2667
2345
1895
1768
1734
1701
1806
1657
1733
1667
1707
1642
1772
1692
1756
1763
1756
1902
1958
1991
2257
2320
2189
2009
1892
1682
1681
1499
1374
1160
1097
1114
1086
1124
1054
967
905
868
840
972
1601
2388
3307
4164
4026
3276
2213
1251
636
357
329
284
544
849
1381
2193
2953
3222
3044
2349
1545
879
493
275
166
168
148
150
160
143
145
130
133
149
122
149
145
176
221
190
183
169
174
150
120
131
118
109
116
90
94
102
70
92
84
108
87
83
85
73
82
90
72
73
80
79
86
76
81
73
99
72
67
68
86
58
68
72
76
72
85
80
99
87
109
102
111
93
100
95
72
84
78
77
95
76
79
63
73
78
87
78
59
79
55
62
55
55
34
35
39
30
21
17
24
34
27
26
37
56
57
52
63
87
90
135
135
124
131
131
99
79
59
54
35
14
19
16
11
13
9
13
11
14
9
17
11
9
9
7
8
5
9
7
10
7
7
7
5
8
7
10
9
238
