0
0
1863
5514
2806
3002
3095
3042
3124
3081
3331
3665
4034
4320
6379
6190
3952
3358
3288
3195
3053
3043
3289
3527
2974
2642
2396
2278
2206
2204
2168
2158
2118
2173
2202
1987
2081
2118
2139
2135
1960
1847
1961
2199
2582
2648
2317
1939
1828
1994
2342
2683
2800
2381
2006
1713
1723
1762
1738
1665
1726
1705
1665
1707
1733
1681
1721
1875
1827
1897
1996
1959
2183
2211
2183
2029
1836
1751
1632
1557
1327
1173
1152
1076
1119
1107
1099
1031
933
843
916
1061
1522
2338
3368
4112
4060
3202
2267
1347
692
403
309
343
505
815
1402
2203
2899
3164
3062
2462
1600
869
468
269
175
137
147
152
150
157
137
147
140
133
124
138
153
165
217
196
200
171
166
138
130
117
100
95
98
103
89
102
75
87
82
88
86
78
70
106
73
91
68
75
62
72
80
71
73
91
61
83
84
84
77
61
67
71
66
72
89
74
98
101
100
106
119
107
109
85
82
86
69
70
78
84
96
79
70
68
81
72
59
77
59
71
48
37
29
41
35
30
24
27
23
19
29
31
25
40
45
62
61
89
105
115
116
117
131
103
105
72
48
43
32
17
18
21
18
20
17
12
12
6
17
14
8
11
14
11
10
17
13
4
8
6
9
8
7
6
8
9
5
206
