0
0
0
0
0
0
0
0
1490
4729
3130
2871
2975
2957
2999
3016
3198
3506
3844
4440
5547
5634
4354
3403
3183
3090
2988
2986
3159
3280
2943
2588
2344
2214
2141
2132
2099
2088
2053
2096
2107
1964
2000
2043
2063
2034
1913
1836
1919
2152
2417
2472
2238
1941
1829
1960
2256
2548
2619
2317
1957
1693
1667
1700
1681
1612
1666
1650
1617
1648
1666
1639
1680
1775
1789
1838
1899
1950
2061
2125
2085
1959
1806
1690
1593
1481
1308
1163
1107
1060
1073
1072
1060
1001
909
822
880
1016
1443
2204
3143
3836
3844
3175
2291
1442
799
455
332
348
491
793
1308
1994
2629
2963
2908
2448
1713
1006
545
305
191
141
138
145
146
149
137
139
138
131
123
128
143
156
189
199
190
177
161
144
128
118
105
94
92
95
94
90
86
78
82
82
85
80
72
85
83
80
75
70
65
64
71
73
70
77
74
69
78
80
80
70
60
65
67
64
72
83
76
94
97
96
103
112
104
100
85
80
79
69
68
74
82
86
78
69
68
72
69
64
65
64
60
50
38
31
35
35
31
25
25
23
20
25
28
26
33
41
54
58
76
94
106
110
111
118
113
99
86
59
45
38
26
16
17
20
17
19
16
11
10
7
15
13
8
9
12
11
11
14
12
6
5
0
