0
0
0
0
0
0
0
0
1495
4768
3177
2863
2891
2888
2937
3006
3138
3427
3790
4404
5569
5714
4454
3490
3233
3069
2936
2975
3166
3280
3009
2522
2240
2245
2143
2140
2179
2120
2037
2029
2120
2073
2010
1984
2067
2030
1923
1855
1943
2181
2375
2424
2247
1916
1795
1966
2267
2544
2590
2299
1902
1686
1721
1716
1711
1677
1593
1599
1645
1670
1672
1672
1669
1676
1749
1816
1876
2001
2154
2215
2143
1974
1775
1642
1552
1436
1286
1183
1112
1091
1090
1033
1002
949
858
809
859
1022
1454
2251
3226
3757
3781
3219
2323
1439
802
455
332
342
475
772
1260
1912
2599
3023
2976
2448
1755
1087
582
324
194
164
152
140
134
133
130
143
142
142
125
116
132
145
156
175
186
176
164
148
133
132
116
98
98
88
81
82
85
82
85
83
87
95
88
85
85
90
87
81
81
82
81
82
84
80
75
79
78
79
79
68
74
82
77
75
66
76
66
87
84
92
106
107
94
84
81
81
78
61
60
75
82
83
79
75
73
71
65
61
62
60
58
51
46
45
39
40
40
29
28
24
19
18
23
28
30
49
57
66
80
91
94
112
124
128
127
91
76
67
54
40
28
19
24
22
13
13
9
12
14
9
8
5
6
9
7
4
4
11
20
14
7
0
