0
0
1879
5563
2846
2986
2993
2982
3050
3114
3237
3580
4005
4257
6463
6248
4074
3431
3369
3133
2986
3053
3314
3487
3103
2529
2271
2340
2203
2215
2259
2189
2098
2090
2220
2137
2076
2011
2197
2097
1981
1876
1956
2315
2489
2564
2398
1853
1800
2022
2364
2693
2745
2371
1921
1711
1789
1774
1769
1732
1642
1655
1708
1733
1729
1731
1728
1712
1827
1891
1920
2070
2275
2325
2228
2044
1782
1691
1603
1489
1295
1216
1131
1128
1134
1057
1035
975
876
831
898
1080
1559
2437
3543
3994
3984
3248
2233
1283
685
380
321
333
501
823
1401
2111
2935
3254
3118
2342
1652
928
475
283
170
172
152
142
137
137
133
157
142
151
117
124
146
156
166
196
191
173
169
137
140
137
102
106
97
84
83
91
84
88
90
81
101
98
82
95
83
104
78
85
88
81
85
87
89
72
85
79
82
86
68
76
86
80
79
68
81
66
90
85
94
112
114
98
84
83
83
90
55
57
87
83
89
78
80
70
81
60
66
65
60
61
48
47
48
38
45
40
25
33
21
17
21
27
32
34
63
60
78
91
100
98
136
122
151
103
81
73
61
46
32
19
25
25
14
14
10
14
17
9
9
5
8
11
8
3
7
10
30
10
6
12
9
6
8
7
13
4
3
247
