0
0
1794
5629
2817
3018
2994
3039
3073
3100
3226
3554
4139
4396
6409
6233
4005
3399
3266
3156
3083
3035
3397
3304
3165
2630
2322
2353
2287
2236
2149
2086
2062
2091
2240
2069
2027
2034
2120
2135
1926
1872
2040
2293
2451
2682
2373
1928
1898
1903
2370
2717
2738
2377
1936
1785
1784
1744
1792
1731
1678
1656
1845
1666
1696
1686
1655
1717
1828
1865
1988
2023
2303
2269
2274
1932
1806
1675
1613
1521
1341
1248
1122
1117
1113
1086
1053
990
971
818
884
1010
1540
2378
3414
4047
4083
3108
2268
1247
715
385
299
326
477
877
1428
2181
2845
3253
3035
2410
1606
906
551
246
182
152
141
142
167
132
123
163
146
140
145
134
167
179
179
187
180
182
185
156
120
105
109
114
97
66
82
94
89
92
90
77
79
84
85
92
81
82
74
76
78
82
75
91
85
69
63
81
73
64
62
47
64
78
74
68
64
89
90
93
118
90
110
98
99
88
78
82
95
63
87
71
69
67
64
80
99
71
61
70
42
53
48
55
41
47
50
33
34
33
34
19
28
37
37
45
52
58
89
97
123
114
130
152
142
113
98
74
52
41
29
21
17
16
15
15
10
4
8
10
7
8
14
11
9
9
12
6
10
6
13
11
9
8
12
2
8
9
4
254
