0
0
0
0
0
0
0
0
1427
4805
3163
2882
2898
2927
2962
3000
3123
3424
3872
4497
5567
5683
4418
3437
3175
3068
2992
2999
3180
3196
3028
2611
2293
2266
2216
2165
2084
2021
1995
2024
2126
2026
1968
1975
2030
2023
1904
1853
1975
2178
2371
2467
2288
1972
1842
1917
2240
2555
2596
2313
1926
1744
1723
1689
1726
1677
1627
1610
1742
1642
1631
1627
1614
1660
1743
1812
1892
1995
2139
2203
2133
1942
1759
1645
1562
1469
1329
1214
1112
1081
1076
1054
1023
966
942
814
843
956
1404
2158
3085
3745
3843
3208
2338
1474
829
477
324
324
457
771
1267
1906
2549
2976
2959
2490
1784
1088
639
331
197
157
141
137
152
138
123
142
145
139
138
134
145
167
172
175
178
173
176
165
135
110
102
105
102
81
69
83
89
86
87
82
76
77
80
84
84
80
76
73
73
76
77
78
83
78
66
64
75
69
62
58
48
62
75
71
65
64
84
85
91
107
93
101
97
93
86
79
79
82
74
73
74
68
65
64
73
85
77
63
61
51
46
48
50
44
42
46
38
32
31
32
25
23
30
34
39
46
52
69
87
103
114
115
132
142
129
106
89
66
49
38
28
20
16
16
15
14
9
4
6
8
7
7
11
12
9
8
9
8
6
8
8
0
