0
0
1845
5568
2856
3063
3082
3008
3030
3086
3230
3471
3937
4497
6303
6294
4052
3310
3386
3169
3095
3003
3255
3449
3164
2541
2341
2321
2243
2221
2280
2128
2136
2228
2192
2126
2098
2057
2081
2111
1940
1789
2001
2275
2587
2583
2386
1880
1810
1946
2385
2687
2627
2392
1926
1762
1721
1675
1763
1742
1557
1698
1698
1694
1690
1744
1772
1809
1827
1823
1922
2091
2266
2370
2266
1989
1820
1724
1713
1505
1418
1271
1187
1107
1119
1035
1071
997
933
827
929
1014
1519
2507
3380
3994
4010
3188
2319
1279
642
386
304
379
515
834
1386
2223
2922
3214
2959
2334
1586
928
513
267
146
166
144
140
130
135
151
148
131
127
124
140
158
200
186
186
167
173
172
131
111
126
122
99
86
90
87
73
74
82
99
68
88
83
88
90
85
90
83
92
92
91
87
62
73
61
82
75
78
67
71
70
57
70
71
79
78
92
86
113
117
117
101
114
86
98
83
93
75
71
79
86
77
80
108
80
85
67
60
57
70
51
43
44
36
28
38
39
31
25
19
24
26
43
41
44
52
44
50
83
109
128
105
148
122
123
80
88
58
32
28
21
9
16
13
14
11
16
10
8
6
9
10
10
8
15
10
7
12
10
10
7
8
8
8
8
9
6
5
240
