0
0
0
0
0
0
0
0
1478
4788
3173
2932
2978
2929
2933
2989
3121
3365
3776
4511
5601
5672
4399
3423
3216
3112
2999
2975
3127
3252
3026
2541
2294
2243
2178
2154
2203
2063
2070
2148
2121
2064
2030
2001
2015
2004
1880
1810
1955
2216
2434
2454
2228
1913
1799
1960
2294
2534
2505
2262
1899
1719
1664
1635
1701
1677
1513
1644
1644
1641
1643
1686
1717
1749
1764
1787
1881
2034
2185
2247
2144
1940
1773
1687
1609
1478
1356
1239
1147
1087
1067
1018
1021
964
897
813
900
993
1497
2436
3261
3810
3777
3076
2214
1308
694
410
326
377
534
851
1390
2096
2716
2984
2799
2266
1593
981
551
294
169
153
144
136
127
129
144
145
129
124
122
132
150
183
183
179
167
164
163
137
116
115
118
103
89
84
84
76
71
77
86
79
77
83
82
86
84
84
83
85
88
89
86
69
66
63
70
74
74
70
67
67
62
61
67
71
76
79
88
92
110
113
108
100
102
86
90
83
85
72
71
77
80
76
85
91
83
75
66
59
59
60
51
43
40
34
31
34
36
31
25
20
22
26
38
40
41
48
43
46
75
101
120
106
134
124
118
89
82
64
40
29
23
14
11
14
12
12
11
13
9
7
5
8
9
9
9
13
9
7
11
10
9
0
