0
0
0
0
0
0
0
0
1486
4705
3192
2920
2886
2931
2978
3074
3193
3411
3842
4544
5576
5617
4362
3425
3204
3092
3024
3052
3158
3243
3064
2563
2301
2170
2142
2193
2149
1919
2082
2047
2130
2044
1940
2021
2101
2018
1875
1835
1958
2172
2350
2418
2269
1976
1837
1984
2326
2621
2589
2266
1899
1701
1664
1703
1774
1639
1574
1644
1568
1590
1652
1746
1723
1739
1710
1782
1859
1988
2153
2210
2103
1916
1757
1663
1559
1442
1321
1192
1091
1041
1043
1053
1039
925
871
819
822
1054
1499
2284
3183
3827
3781
3118
2163
1281
716
432
326
378
538
860
1403
2103
2723
3046
2917
2364
1643
1006
566
294
167
135
132
133
128
126
127
134
137
126
133
133
156
176
188
190
181
181
166
137
122
120
115
100
95
101
98
91
86
81
85
92
88
91
89
86
82
86
84
72
69
72
76
84
82
68
68
63
68
64
55
67
76
62
57
65
63
74
86
91
94
111
108
110
100
89
82
81
79
77
84
79
82
81
75
77
77
79
78
70
66
61
50
45
46
45
38
32
30
28
28
27
29
30
29
34
38
39
57
62
76
114
120
127
131
139
121
103
92
69
52
33
23
18
13
12
10
10
8
11
12
14
15
10
13
12
12
8
11
13
6
5
6
0
