0
0
1855
5464
2900
3039
2964
3043
3073
3193
3301
3493
4042
4517
6269
6225
3979
3371
3336
3152
3105
3135
3268
3412
3230
2552
2363
2225
2206
2273
2221
1977
2162
2101
2222
2116
1965
2088
2214
2102
1907
1855
1984
2268
2436
2561
2424
1983
1818
1989
2387
2794
2748
2363
1939
1737
1711
1752
1851
1695
1623
1704
1615
1640
1694
1829
1759
1828
1720
1857
1899
2026
2244
2344
2191
1996
1770
1748
1609
1494
1377
1228
1119
1061
1080
1089
1096
946
902
843
839
1081
1531
2340
3299
4030
3993
3268
2223
1242
675
415
288
388
513
850
1400
2255
2895
3291
3108
2430
1625
947
531
257
151
136
138
138
131
130
134
141
144
128
141
137
168
187
199
197
181
192
167
131
122
127
117
93
101
112
95
96
84
82
93
99
83
104
85
93
80
95
82
69
74
77
83
91
80
63
76
58
81
55
58
83
76
51
70
64
71
86
98
87
115
112
117
108
95
85
84
85
75
90
79
85
89
73
83
78
82
86
71
67
71
46
49
45
50
39
31
32
28
31
26
32
30
32
38
41
42
63
67
82
125
127
135
138
147
117
103
92
61
51
24
24
14
14
11
12
8
12
13
14
18
11
14
13
14
9
11
17
6
5
8
8
11
1
8
7
7
8
7
220
