0
0
1791
5599
2822
2940
3001
3018
3036
3213
3247
3459
4018
4427
6381
6325
3950
3468
3367
3260
3126
2967
3291
3340
3159
2590
2323
2234
2288
2211
2196
2145
2053
2146
2260
2122
1990
2038
2213
2118
1954
1872
1938
2231
2534
2699
2272
1950
1779
2062
2453
2698
2647
2384
1954
1738
1742
1780
1836
1714
1618
1751
1698
1650
1667
1696
1715
1820
1873
1857
2081
2097
2183
2334
2205
1922
1828
1666
1661
1536
1408
1212
1115
1095
1091
1047
1036
991
874
889
862
1042
1569
2371
3301
4140
4015
3265
2219
1227
756
402
313
310
485
887
1427
2214
2900
3182
3003
2431
1516
942
501
267
179
148
133
130
171
139
140
156
132
125
136
133
153
155
194
192
199
176
166
121
127
123
111
87
104
104
111
85
84
71
97
68
96
83
97
88
74
82
86
88
68
104
86
65
74
83
74
77
84
69
69
70
71
61
76
74
74
62
96
108
122
113
109
98
90
96
87
78
75
90
91
69
72
71
92
74
84
76
62
65
60
57
49
32
44
41
42
25
22
23
30
27
23
24
43
51
44
66
77
117
107
116
117
148
119
101
74
64
50
42
31
25
21
19
16
13
8
14
11
7
10
4
12
15
7
15
10
9
8
6
7
5
14
6
5
10
3
6
6
251
