0
0
0
0
0
0
0
0
1424
4761
3168
2816
2884
2908
2938
3057
3148
3352
3773
4455
5552
5721
4455
3475
3261
3156
3030
2949
3099
3191
3037
2590
2282
2168
2199
2143
2121
2076
1997
2059
2147
2065
1957
1976
2074
2045
1919
1842
1900
2117
2382
2483
2264
1947
1804
1965
2297
2542
2546
2329
1952
1707
1678
1711
1761
1673
1579
1661
1648
1605
1605
1629
1661
1730
1787
1828
1935
2029
2098
2181
2133
1937
1776
1659
1594
1510
1385
1219
1100
1062
1054
1022
1004
968
875
854
840
955
1363
2051
2892
3670
3869
3372
2493
1568
903
537
342
314
418
711
1180
1818
2506
2947
2972
2587
1853
1170
686
374
221
161
137
128
145
147
136
141
139
125
124
130
135
147
162
187
186
185
166
147
117
121
116
101
89
98
101
98
85
78
78
80
78
83
85
87
83
76
78
81
80
77
91
82
66
70
78
72
73
80
68
67
66
67
60
70
72
71
65
83
101
111
111
106
98
91
88
87
80
75
79
85
77
67
69
77
80
76
78
67
60
60
57
52
41
36
39
40
33
25
22
24
26
26
23
27
40
46
47
63
79
108
105
110
112
141
115
98
74
63
51
42
32
26
22
19
17
14
10
10
12
9
7
7
6
11
11
9
12
9
8
7
5
0
