0
0
0
0
0
0
0
0
1487
4801
3203
2939
2940
2927
2953
2988
3105
3362
3844
4537
5592
5647
4343
3396
3209
3093
2959
2948
3093
3202
3043
2569
2327
2206
2169
2142
2182
2070
2014
2133
2111
1988
1898
2016
2063
2015
1930
1866
1942
2151
2351
2393
2208
1941
1856
2030
2354
2547
2504
2236
1875
1728
1719
1701
1748
1704
1621
1606
1685
1670
1654
1644
1689
1754
1792
1817
1918
2003
2100
2161
2115
1995
1850
1714
1589
1454
1306
1191
1125
1094
1049
1021
1005
948
877
814
874
1034
1545
2245
3169
3733
3742
3204
2244
1346
735
443
347
368
503
826
1359
2018
2685
3037
2861
2357
1703
1031
560
295
192
156
137
135
145
132
139
132
127
116
113
134
161
189
171
174
180
159
149
144
130
120
119
108
91
87
89
85
82
85
81
84
84
86
90
79
94
87
92
88
81
80
85
89
81
74
71
76
77
63
61
72
75
66
71
78
64
82
86
93
100
98
103
95
89
83
74
81
78
74
78
73
73
74
73
82
87
80
74
70
65
59
55
49
38
34
33
35
33
29
23
25
27
20
29
31
30
34
49
69
79
93
119
129
138
136
120
105
84
65
48
32
26
22
17
19
13
12
13
11
12
13
8
8
7
4
10
9
8
8
8
10
10
0
