0
0
1858
5585
2880
3069
3030
3020
3061
3078
3218
3437
4099
4471
6329
6272
3905
3348
3348
3182
3016
3003
3228
3365
3203
2558
2392
2264
2240
2210
2257
2134
2072
2220
2190
2051
1910
2115
2152
2084
2000
1884
1968
2229
2475
2538
2333
1919
1873
2028
2488
2677
2636
2342
1892
1770
1781
1750
1813
1762
1676
1655
1750
1724
1711
1688
1742
1817
1868
1833
2014
2047
2179
2274
2197
2076
1902
1773
1641
1514
1334
1220
1151
1139
1077
1052
1044
979
905
836
906
1072
1607
2328
3348
3942
3935
3355
2238
1285
654
414
326
372
485
820
1458
2104
2953
3307
2956
2402
1679
923
504
248
186
155
138
141
152
133
147
134
130
116
117
146
173
208
161
190
191
148
159
144
128
119
132
98
90
91
96
78
93
83
87
87
86
94
92
74
115
75
109
81
84
84
93
93
75
77
70
88
71
58
70
84
71
65
92
59
84
88
95
104
101
108
100
92
90
74
85
82
74
85
74
73
82
69
88
93
82
74
76
66
60
56
53
36
35
33
41
33
30
22
28
28
19
34
32
29
38
56
78
84
102
133
137
148
136
117
104
74
62
40
27
28
15
23
14
13
14
12
13
16
9
9
9
3
11
9
9
8
7
12
12
5
10
11
9
5
10
7
6
229
