0
0
1793
5579
2885
3072
3029
2953
3053
3146
3273
3647
3928
4469
6268
6213
3988
3561
3350
3150
3091
3053
3325
3394
3101
2623
2304
2287
2287
2313
2153
2151
2101
2144
2179
2172
2016
2004
2114
2108
1929
1866
2050
2281
2489
2686
2334
1934
1828
2060
2407
2761
2786
2370
1886
1649
1738
1712
1688
1726
1653
1728
1678
1620
1674
1716
1715
1797
1812
1888
2017
2101
2290
2303
2160
1998
1891
1725
1699
1498
1408
1177
1140
1093
1097
1105
1046
981
926
826
852
1071
1479
2409
3335
4062
3980
3295
2212
1262
695
392
304
324
511
847
1427
2220
2865
3121
3052
2334
1564
939
465
267
173
146
136
158
134
126
151
127
128
126
132
143
140
160
189
215
199
174
166
119
117
126
106
105
86
110
90
93
99
91
92
93
84
65
64
102
84
66
78
88
84
89
75
78
90
84
86
74
92
71
67
93
68
67
77
64
89
95
84
89
90
107
110
107
69
87
74
85
90
79
88
84
71
87
72
91
78
86
72
71
71
60
62
54
41
38
47
36
29
28
34
30
27
23
28
47
52
54
74
83
122
118
118
127
118
106
101
84
49
39
33
23
15
20
8
11
11
5
10
14
11
7
16
12
9
9
7
8
7
9
13
8
7
11
6
5
18
5
4
224
