0
0
0
0
0
0
0
0
1433
4769
3202
2939
2934
2876
2937
3032
3177
3464
3803
4465
5532
5623
4421
3527
3263
3090
2999
3005
3160
3226
2998
2588
2276
2214
2211
2233
2092
2080
2037
2069
2101
2085
1976
1956
2019
2007
1895
1856
1984
2191
2396
2472
2258
1945
1838
2006
2318
2603
2624
2296
1866
1632
1669
1656
1634
1667
1603
1663
1624
1579
1615
1650
1671
1722
1761
1831
1935
2048
2168
2194
2092
1952
1822
1705
1612
1481
1344
1183
1104
1066
1059
1062
1016
955
901
808
820
1014
1402
2231
3106
3772
3795
3225
2295
1400
788
455
324
335
487
803
1316
1986
2598
2926
2882
2390
1681
1051
569
307
191
148
135
146
136
125
138
129
123
122
124
134
137
147
172
196
198
179
161
136
115
116
112
101
94
92
97
87
91
92
87
88
85
72
63
80
88
74
70
78
82
83
80
75
79
83
82
79
78
80
68
71
82
65
66
72
65
86
90
81
86
89
102
105
96
74
79
75
80
84
80
81
80
74
76
77
80
81
78
74
69
67
61
58
53
43
38
41
37
30
28
30
30
28
24
25
38
47
50
62
74
101
115
115
116
117
109
100
91
68
44
36
29
21
15
16
7
10
9
5
9
12
10
8
13
12
9
8
7
6
7
8
10
0
