0
0
1794
5756
2881
3112
2986
3142
3054
3186
3317
3568
3941
4426
6234
6050
4012
3418
3338
3179
3151
3080
3231
3371
3155
2527
2393
2413
2222
2144
2130
2124
2098
2116
2143
2050
2060
2135
2113
2071
1901
1752
1957
2271
2641
2698
2371
1868
1804
2016
2409
2701
2759
2475
1864
1686
1714
1846
1725
1701
1721
1684
1675
1713
1689
1663
1770
1782
1826
1885
1930
2005
2256
2413
2196
2031
1807
1721
1675
1436
1362
1269
1194
1077
1017
1080
1070
919
911
884
805
1128
1533
2361
3325
3998
3854
3206
2201
1244
644
375
284
346
456
834
1419
2212
2965
3331
3138
2440
1604
900
484
243
195
142
158
170
158
146
155
160
140
132
131
138
173
191
186
204
168
162
146
143
136
118
113
131
104
103
95
83
95
92
87
100
96
86
87
74
76
66
93
99
83
82
77
90
77
76
84
87
83
78
72
73
80
75
78
67
90
77
92
105
92
135
109
107
91
95
104
76
62
79
76
84
78
82
107
76
70
77
81
69
57
50
49
30
40
40
21
27
28
30
36
25
22
37
35
46
55
63
72
92
99
109
124
132
121
106
98
78
72
30
26
23
14
14
14
9
8
12
5
13
10
10
12
19
11
9
10
8
11
9
4
10
11
6
5
8
10
7
2
231
