0
0
0
0
0
0
0
0
1435
4913
3228
2973
2917
3002
2985
3063
3205
3436
3784
4446
5480
5531
4350
3460
3222
3113
3043
3021
3110
3198
3014
2542
2337
2318
2165
2079
2062
2055
2032
2044
2062
1998
1999
2046
2042
1980
1847
1770
1911
2202
2476
2523
2260
1911
1804
1984
2304
2565
2610
2349
1868
1655
1665
1768
1674
1646
1663
1631
1623
1651
1634
1627
1694
1727
1767
1818
1871
1974
2155
2248
2140
1955
1784
1677
1582
1429
1317
1234
1152
1055
1001
1034
1026
904
882
858
784
1069
1466
2228
3118
3737
3685
3116
2231
1350
736
422
311
335
474
795
1331
2025
2697
3081
2991
2451
1704
1019
557
293
198
149
148
160
155
145
146
152
140
130
128
131
155
177
181
188
176
158
148
140
134
121
113
115
113
100
95
86
85
90
87
90
95
88
84
77
73
68
77
90
88
82
77
80
81
75
76
81
82
79
74
70
71
76
72
73
69
85
77
90
99
97
126
106
101
89
92
93
74
65
72
75
78
78
83
90
79
70
72
74
67
57
51
45
35
35
36
26
24
26
28
32
27
23
31
34
40
49
58
65
81
91
100
113
122
122
109
98
86
72
52
28
24
20
13
13
12
8
7
10
5
12
9
9
11
16
11
9
8
8
9
8
5
0
