0
0
0
0
0
0
0
0
1437
4774
3151
2884
2865
2937
3008
3063
3165
3406
3850
4547
5658
5696
4370
3420
3184
3070
2983
2981
3128
3270
3029
2585
2295
2224
2192
2188
2107
1996
2070
2070
2147
2044
1950
2013
2101
2001
1912
1874
1966
2222
2440
2461
2237
1921
1832
2021
2324
2566
2574
2273
1904
1737
1697
1671
1676
1703
1651
1586
1641
1581
1617
1633
1717
1779
1808
1827
1876
2069
2221
2237
2129
1947
1787
1679
1587
1455
1298
1175
1115
1066
1036
1001
988
947
873
856
861
966
1492
2305
3185
3777
3734
3170
2190
1274
715
431
339
353
493
828
1360
2017
2668
3014
2845
2293
1605
1006
560
302
196
152
148
134
139
140
139
140
128
129
139
133
142
167
176
182
184
186
166
140
130
120
107
101
104
101
91
89
90
84
80
79
80
72
80
88
78
75
81
81
77
72
70
75
74
72
69
81
75
74
70
62
68
69
66
69
67
73
78
93
96
102
108
116
98
84
83
68
70
80
78
73
81
85
80
74
74
70
72
69
61
55
47
43
43
41
39
30
22
24
26
26
28
27
33
35
31
46
49
58
81
93
108
135
129
122
113
111
90
62
41
38
27
18
20
15
10
7
4
6
11
15
17
13
10
10
10
8
12
14
10
8
6
0
