0
0
1795
5561
2832
3008
2944
3053
3119
3165
3267
3492
4078
4450
6436
6306
3936
3413
3269
3165
3054
3043
3228
3496
3135
2615
2331
2294
2260
2263
2175
2059
2144
2130
2241
2109
1985
2065
2237
2042
1973
1914
1956
2314
2576
2602
2388
1889
1821
2053
2403
2697
2744
2377
1933
1780
1754
1722
1731
1763
1709
1635
1705
1623
1677
1671
1776
1846
1864
1905
1860
2152
2333
2333
2245
1998
1842
1721
1664
1513
1341
1191
1160
1092
1076
1027
1026
983
896
884
887
991
1527
2367
3309
3976
3924
3346
2240
1218
686
391
338
336
472
809
1412
2088
2879
3285
2992
2363
1564
975
503
270
191
147
157
133
147
144
146
144
131
136
147
136
149
181
183
192
190
199
162
136
137
119
105
104
114
99
89
97
92
83
81
84
82
67
95
89
75
81
87
82
77
72
73
82
73
75
68
96
65
87
60
69
77
65
75
66
77
72
97
97
106
106
126
108
86
92
71
69
83
86
71
84
89
89
70
86
65
79
75
59
64
45
46
46
40
46
29
19
27
27
25
32
24
37
36
31
51
52
63
89
100
115
148
129
124
114
116
84
55
35
44
16
22
19
12
9
5
5
10
15
19
16
11
11
11
8
13
16
10
8
8
4
9
7
11
8
7
8
4
232
