0
0
1786
5598
2913
3044
3097
2977
2969
3063
3311
3609
4108
4354
6275
6196
4077
3364
3352
3207
3079
3145
3318
3491
3146
2587
2361
2335
2241
2267
2207
2016
2130
2223
2147
2129
2129
2051
2187
2155
1986
1907
1943
2251
2557
2612
2315
1974
1786
1979
2350
2604
2728
2375
1944
1745
1764
1792
1755
1685
1650
1633
1710
1687
1659
1645
1701
1822
1788
1861
1914
2016
2330
2204
2188
2038
1798
1699
1629
1520
1330
1167
1165
1138
1073
1105
1027
935
903
829
903
1088
1556
2372
3372
3973
3960
3278
2256
1263
724
374
306
328
514
852
1403
2191
2915
3242
2988
2460
1546
922
472
266
194
162
131
160
141
123
137
136
123
137
142
171
150
188
173
188
191
184
173
147
144
126
102
96
113
103
97
90
96
88
95
82
88
79
79
60
85
84
86
69
84
73
82
63
94
91
64
70
69
67
63
80
63
83
93
83
83
82
96
98
104
115
122
111
94
80
84
84
66
81
75
79
78
79
85
76
88
77
70
46
67
56
40
49
50
28
34
27
38
31
26
26
30
34
38
58
50
62
72
89
92
112
145
127
132
112
98
81
56
42
40
22
19
23
11
5
14
14
17
8
11
12
13
8
13
8
11
11
4
11
6
7
8
13
4
5
6
6
7
233
