0
0
0
0
0
0
0
0
1429
4799
3230
2923
2982
2905
2882
2966
3177
3483
3876
4465
5512
5628
4414
3453
3220
3119
3024
3055
3196
3288
3037
2576
2316
2256
2178
2190
2138
1959
2055
2137
2085
2063
2049
2019
2083
2060
1943
1871
1937
2172
2412
2446
2232
1947
1813
1951
2248
2494
2555
2286
1913
1714
1706
1728
1697
1631
1597
1583
1646
1632
1607
1601
1655
1734
1750
1795
1860
1995
2153
2159
2087
1953
1774
1652
1569
1456
1296
1163
1124
1096
1052
1056
995
912
873
806
869
1045
1488
2259
3172
3746
3757
3177
2264
1371
776
441
319
344
505
827
1339
2015
2662
2998
2881
2394
1663
1005
552
302
202
162
134
148
140
123
128
131
122
128
134
157
151
169
173
176
182
180
170
152
139
127
108
96
100
104
96
91
89
89
87
85
82
81
77
66
71
80
82
74
75
74
75
69
76
87
76
66
66
67
64
65
70
66
83
88
80
80
82
92
95
102
112
116
104
88
79
80
77
69
74
74
74
76
76
79
77
79
76
64
55
57
54
45
44
44
33
30
29
33
31
26
25
28
30
34
51
50
56
66
80
87
101
127
129
126
117
101
87
65
48
40
30
20
19
18
9
7
13
13
14
7
10
11
11
8
11
8
9
9
6
8
7
0
