0
0
0
0
0
0
0
0
1458
4892
3117
2834
2880
2920
2940
3026
3162
3453
3848
4522
5604
5655
4407
3487
3275
3158
3034
2949
3115
3274
3051
2561
2324
2243
2143
2227
2153
1991
2027
2074
2076
2028
2003
2050
2055
2036
1907
1825
1954
2167
2376
2453
2254
1963
1835
1936
2247
2565
2583
2249
1878
1740
1710
1675
1593
1663
1686
1640
1676
1685
1616
1671
1680
1746
1757
1818
1906
2003
2120
2216
2149
1957
1794
1669
1542
1430
1296
1175
1123
1063
1032
1044
1020
971
925
822
801
1047
1545
2195
3192
3837
3810
3155
2203
1323
747
441
325
334
497
849
1384
2071
2685
2993
2861
2337
1623
949
523
289
181
161
164
155
139
136
151
124
132
142
116
141
151
154
171
178
180
168
158
150
135
124
115
101
98
102
96
83
77
81
78
83
91
88
92
86
77
87
86
80
74
85
79
68
64
73
75
78
77
63
65
66
64
71
70
66
61
73
79
78
88
99
103
92
87
99
83
70
75
75
74
74
67
73
84
79
75
75
78
74
60
55
57
56
53
46
35
31
31
30
27
19
19
23
29
28
34
41
43
72
76
94
98
120
143
123
117
112
76
61
44
29
24
23
17
11
9
14
15
8
11
10
7
10
9
10
7
10
11
2
4
6
7
0
