0
0
1821
5703
2763
2960
2978
3028
3028
3142
3248
3599
4020
4459
6366
6217
4060
3413
3435
3204
3176
2918
3263
3476
3190
2556
2380
2320
2194
2312
2222
2053
2096
2148
2151
2092
2051
2136
2113
2144
1971
1800
2015
2235
2459
2655
2357
1971
1848
1928
2298
2719
2764
2342
1897
1787
1768
1739
1635
1718
1743
1692
1733
1753
1648
1741
1712
1827
1793
1875
1960
2067
2166
2347
2274
2005
1839
1751
1574
1498
1347
1182
1178
1089
1055
1088
1058
1001
964
844
817
1076
1587
2239
3328
4041
4026
3300
2255
1285
710
408
314
315
460
875
1370
2229
2864
3237
3027
2411
1617
853
490
257
167
165
173
158
141
141
161
123
140
150
113
153
158
160
184
184
189
168
160
157
130
131
115
96
106
105
101
72
86
81
77
93
97
86
104
80
80
98
84
81
72
97
73
66
67
84
73
87
74
58
79
60
74
73
75
59
73
83
79
86
101
110
100
84
107
91
71
79
77
75
82
67
69
92
82
76
79
75
92
55
56
63
57
54
51
33
31
35
30
28
18
21
26
32
28
38
44
47
81
77
103
104
130
154
119
122
114
62
66
35
25
26
21
13
9
12
20
9
12
12
8
11
10
11
8
9
16
2
6
6
10
4
8
7
8
2
6
8
7
239
