0
0
0
0
0
0
0
0
1440
4751
3183
2916
2954
2927
2954
3007
3163
3431
3812
4436
5516
5617
4374
3464
3245
3102
2972
2965
3118
3168
3038
2515
2293
2259
2147
2135
2097
2002
2084
2121
2125
2030
1944
1984
2070
2045
1938
1860
1936
2144
2346
2419
2265
1963
1806
1930
2219
2497
2561
2296
1932
1732
1670
1737
1711
1710
1667
1648
1651
1657
1689
1691
1716
1746
1735
1790
1911
2054
2189
2245
2143
1971
1821
1680
1581
1452
1313
1205
1151
1104
1027
1052
1052
965
890
790
817
1001
1428
2110
3043
3675
3860
3278
2311
1441
830
488
340
330
471
766
1248
1909
2563
2985
2964
2456
1785
1113
611
332
202
156
143
139
136
140
139
141
134
132
130
135
151
165
172
183
183
169
165
146
126
119
110
109
95
90
87
81
74
88
80
67
82
90
79
73
77
81
86
86
75
67
67
69
67
67
72
72
66
64
60
76
77
71
72
57
62
77
83
100
82
101
103
101
96
94
92
87
78
77
82
80
76
77
81
79
74
76
77
69
63
59
56
50
45
37
32
33
32
31
27
27
28
27
31
33
38
44
55
63
74
96
115
121
124
132
117
98
77
65
56
31
20
22
26
11
18
16
13
14
11
10
9
14
10
7
6
7
8
8
9
8
6
0
