0
0
1810
5557
2855
3051
3060
3016
3067
3101
3292
3557
4038
4342
6353
6158
3949
3449
3367
3183
3039
3017
3301
3282
3219
2475
2354
2342
2208
2212
2166
2064
2168
2199
2212
2091
1982
2049
2184
2125
1997
1870
1977
2248
2467
2572
2383
1949
1792
1983
2317
2645
2711
2362
1951
1772
1719
1805
1768
1772
1720
1704
1711
1710
1759
1743
1777
1831
1766
1851
1986
2140
2290
2387
2205
2003
1890
1688
1658
1474
1343
1221
1188
1140
1042
1099
1088
984
910
802
854
1067
1547
2285
3365
3932
4140
3253
2167
1279
705
422
312
311
525
819
1404
2167
2859
3246
3078
2342
1670
934
505
277
181
153
145
142
139
148
141
150
132
139
131
146
167
176
178
204
175
176
169
132
133
109
124
100
97
88
96
70
87
99
64
76
100
88
72
79
84
88
95
81
69
67
75
69
69
76
76
68
70
56
80
79
74
77
60
64
80
85
108
79
109
106
107
98
97
95
93
75
81
88
82
75
80
91
78
74
82
81
66
68
58
60
47
49
33
35
33
32
33
24
32
28
26
39
34
45
49
68
65
90
114
131
121
143
128
109
84
68
64
36
21
23
31
11
19
16
13
16
11
11
7
19
9
7
7
9
9
10
9
8
5
8
6
6
6
5
7
8
6
253
