0
0
1841
5581
2789
2996
2947
3070
3067
3185
3278
3412
4078
4457
6322
6288
3964
3268
3340
3267
3036
3006
3260
3386
3084
2525
2385
2275
2199
2254
2213
2171
2104
2202
2112
2070
1927
2100
2131
2146
1923
1891
1940
2230
2536
2679
2244
1934
1972
2061
2381
2721
2678
2364
1867
1687
1717
1673
1746
1704
1681
1634
1707
1752
1733
1643
1728
1744
1836
1918
2015
2055
2195
2389
2285
2098
1844
1752
1639
1459
1419
1207
1123
1107
1146
1148
1110
973
902
849
859
1050
1571
2362
3355
4182
4140
3370
2138
1321
622
421
310
328
470
797
1419
2203
2896
3286
3068
2399
1622
937
508
269
180
145
145
144
130
135
155
119
140
129
126
125
175
157
190
188
177
172
157
158
134
124
98
112
90
106
102
85
89
94
83
85
80
81
76
71
88
82
80
77
73
89
80
72
68
66
63
70
79
66
63
89
80
73
72
70
72
90
93
98
98
110
106
111
100
95
80
69
82
71
82
70
90
85
75
63
70
74
75
50
64
60
58
50
35
27
40
30
30
29
22
27
28
31
40
31
46
47
86
91
87
146
121
133
130
116
83
79
70
38
36
19
15
15
8
11
7
11
11
5
11
7
5
10
10
12
9
11
10
11
9
10
8
4
5
8
6
5
5
231
