0
0
0
0
0
0
0
0
1473
4793
3127
2865
2863
2944
2977
3062
3163
3359
3822
4518
5581
5667
4367
3371
3197
3138
2992
2958
3114
3203
2968
2525
2318
2210
2138
2176
2144
2102
2043
2115
2051
1993
1910
2004
2057
2031
1903
1846
1927
2156
2412
2458
2203
1951
1917
2041
2305
2559
2543
2259
1851
1657
1654
1626
1684
1649
1627
1586
1648
1688
1668
1615
1660
1700
1773
1857
1936
2009
2134
2242
2193
2016
1824
1692
1573
1444
1341
1196
1100
1079
1101
1106
1067
951
876
824
829
1008
1499
2252
3172
3910
3927
3257
2220
1361
740
440
333
336
472
790
1333
2022
2664
3028
2926
2396
1691
1039
577
312
193
148
140
140
129
128
145
122
130
128
123
121
154
158
172
182
175
168
158
150
139
122
108
98
98
94
99
90
83
87
85
81
80
77
76
71
77
82
79
76
73
78
81
74
68
65
63
62
70
71
63
69
82
75
70
69
67
73
87
89
94
97
106
102
104
96
89
76
70
75
72
75
74
81
81
71
65
66
70
66
58
57
59
56
48
36
30
33
32
29
29
23
24
26
28
35
32
40
43
71
85
86
121
124
124
126
118
94
78
71
53
36
28
17
14
12
7
10
6
10
9
5
9
6
5
8
9
10
9
9
10
9
9
0
