0
0
0
0
0
0
0
0
1392
4751
3224
2900
2884
2898
2885
3008
3224
3453
3881
4563
5601
5704
4413
3472
3294
3154
3015
2970
3083
3236
2970
2483
2258
2193
2127
2183
2156
2036
2020
2038
2096
1970
1954
1981
2020
1979
1873
1806
1926
2194
2425
2462
2240
1930
1842
1975
2287
2636
2609
2272
1927
1709
1681
1669
1787
1651
1616
1566
1623
1679
1669
1703
1731
1753
1799
1813
1882
2028
2136
2150
2064
1929
1813
1705
1591
1466
1309
1185
1110
1078
1064
1052
1011
930
869
796
860
1034
1469
2186
3122
3772
3790
3189
2272
1388
780
437
312
339
488
801
1308
1975
2658
3036
2903
2369
1677
1057
610
331
201
151
150
122
147
129
145
145
152
122
130
120
136
159
182
179
173
180
168
147
136
123
115
112
106
95
88
96
93
95
93
82
87
84
86
89
85
81
76
76
81
82
73
70
69
71
69
65
68
72
73
65
66
66
71
66
82
95
87
75
89
108
103
111
105
89
73
76
78
82
80
80
85
83
81
81
79
81
76
67
63
58
54
48
46
48
41
36
33
34
34
29
28
29
30
31
37
48
52
61
81
107
107
129
138
132
119
96
84
76
49
30
32
22
12
13
14
14
11
11
9
12
5
4
7
4
3
5
6
9
7
5
7
0
