0
0
1740
5566
2913
3016
2973
3006
2958
3123
3385
3523
4110
4544
6284
6403
3922
3453
3447
3221
3094
3028
3175
3476
3065
2479
2312
2266
2188
2263
2226
2099
2088
2104
2197
2005
2021
2041
2113
2056
1935
1804
1954
2287
2571
2610
2373
1870
1883
1996
2335
2846
2754
2334
1971
1738
1739
1714
1859
1705
1671
1612
1680
1747
1715
1766
1795
1800
1883
1858
1914
2125
2229
2256
2142
1976
1872
1763
1636
1531
1327
1215
1134
1112
1097
1091
1046
955
895
818
896
1080
1545
2304
3340
4025
3994
3268
2240
1276
713
365
293
337
494
828
1409
2120
2959
3281
3023
2355
1586
962
539
281
186
147
159
116
163
125
158
147
162
114
144
117
153
170
202
174
183
193
161
147
138
119
119
112
113
82
102
97
94
105
88
82
99
77
100
86
90
79
76
82
88
81
68
75
69
80
62
72
73
82
64
72
66
76
66
80
100
93
76
87
113
106
116
111
96
72
81
79
88
81
81
92
85
81
91
73
94
74
69
65
59
56
46
50
51
40
37
33
38
34
28
30
28
34
34
42
55
56
68
93
122
103
154
137
134
114
85
90
66
31
36
28
13
14
15
15
12
12
10
14
6
3
9
4
5
7
7
11
8
5
10
8
11
9
9
5
6
8
7
215
