0
0
1787
5458
2801
3103
3045
3009
3002
3136
3310
3528
4073
4468
6190
6200
3998
3390
3538
3184
3093
3034
3394
3450
3144
2635
2394
2219
2175
2289
2201
2076
2109
2228
2178
2191
2056
1956
2111
2039
1969
1876
1896
2236
2631
2640
2300
1940
1762
2049
2400
2668
2820
2443
1991
1777
1815
1777
1729
1692
1725
1668
1747
1704
1683
1683
1716
1709
1870
1914
1917
2177
2288
2312
2176
2050
1829
1654
1648
1515
1344
1235
1151
1120
1109
1074
1068
980
922
853
811
1061
1525
2345
3361
4015
4032
3204
2273
1277
732
383
280
315
507
802
1403
2174
2881
3242
3000
2471
1553
870
511
251
167
127
145
136
132
144
136
151
118
115
153
135
173
162
216
177
193
168
146
127
142
117
117
102
99
86
88
94
102
79
85
75
80
95
87
89
84
84
74
86
78
77
77
61
74
81
59
72
68
84
76
69
52
72
73
60
76
89
109
107
129
99
107
106
82
92
89
66
77
84
88
62
74
89
87
77
77
67
73
54
52
58
41
52
29
32
33
37
23
28
32
27
22
39
27
41
45
63
70
100
120
102
134
127
128
106
98
68
41
39
27
14
20
19
14
8
7
13
9
13
13
16
7
11
11
5
13
6
8
5
8
9
5
9
9
5
10
7
8
219
