0
0
0
0
0
0
0
0
1422
4652
3122
2946
2952
2914
2911
3012
3177
3421
3837
4476
5467
5601
4409
3479
3313
3160
3004
2999
3196
3283
3047
2619
2340
2166
2105
2199
2134
2016
2035
2131
2113
2100
2002
1933
1989
1976
1903
1841
1889
2141
2433
2482
2246
1936
1797
1965
2276
2539
2651
2386
1978
1746
1749
1720
1675
1639
1662
1621
1671
1653
1631
1628
1647
1676
1769
1836
1894
2045
2179
2202
2121
1981
1803
1647
1575
1478
1330
1212
1128
1088
1073
1044
1033
963
902
837
792
977
1386
2103
3010
3688
3815
3274
2403
1523
863
487
314
313
449
728
1204
1870
2543
2978
2955
2535
1800
1066
615
332
194
139
134
134
129
134
135
140
127
114
130
139
147
163
179
192
175
175
153
135
126
128
113
108
97
91
83
86
92
89
79
78
74
81
87
85
84
82
78
76
78
76
75
70
64
71
73
61
68
69
79
74
66
51
69
69
59
72
86
102
106
116
103
100
99
87
84
83
73
71
78
80
71
68
80
84
79
73
69
66
59
51
53
46
45
36
29
29
32
28
25
27
28
25
28
30
31
39
49
61
77
101
109
109
126
123
119
101
89
61
39
37
25
14
18
19
14
8
7
10
10
10
12
13
10
8
10
7
7
8
5
6
5
0
