0
0
1778
5732
2825
2957
2896
3085
3121
3152
3279
3515
4090
4385
6311
6148
3901
3490
3358
3220
3047
3022
3351
3412
3158
2535
2319
2288
2299
2198
2230
2095
2027
2136
2145
2084
1991
2070
2180
2256
1930
1863
2037
2226
2496
2664
2329
1946
1913
2030
2360
2678
2757
2363
1982
1754
1699
1726
1678
1778
1694
1691
1787
1692
1640
1723
1748
1778
1807
1862
2041
2047
2286
2355
2269
1989
1826
1679
1679
1579
1473
1144
1117
1052
1069
1031
1047
915
936
870
879
1108
1501
2366
3431
4026
4028
3289
2143
1228
702
348
332
334
473
815
1426
2221
2870
3126
3028
2351
1620
927
518
261
150
148
166
139
156
128
136
149
133
150
136
132
165
146
188
200
197
174
179
145
138
117
107
119
90
91
88
84
92
100
93
76
82
78
96
93
71
101
99
82
78
79
87
70
87
57
88
91
67
69
69
64
78
76
84
74
77
99
92
89
107
101
103
93
83
101
90
74
76
58
76
87
79
75
77
82
89
84
70
70
68
52
46
37
33
41
50
26
32
23
28
23
29
26
24
44
55
39
74
99
96
114
139
130
115
119
88
67
52
39
37
28
18
21
17
21
17
11
21
12
5
16
11
13
15
14
9
11
11
7
11
15
7
5
10
8
5
7
4
213
