0
0
0
0
0
0
0
0
1422
4889
3177
2836
2817
2944
3011
3052
3165
3415
3840
4474
5518
5586
4345
3467
3259
3120
2988
2981
3170
3251
3028
2541
2273
2217
2219
2133
2153
2034
1969
2052
2067
2015
1952
2001
2095
2106
1930
1852
1965
2161
2380
2462
2254
1968
1880
2000
2269
2538
2591
2300
1947
1719
1650
1664
1626
1715
1642
1640
1711
1644
1602
1653
1688
1716
1749
1820
1930
2025
2162
2241
2159
1963
1778
1661
1605
1532
1395
1175
1077
1031
1026
1003
1003
899
902
849
847
1048
1422
2199
3160
3769
3817
3227
2253
1366
778
440
326
343
465
772
1301
1982
2598
2927
2876
2402
1722
1067
600
317
174
145
155
141
145
130
128
139
133
139
137
129
146
149
165
187
191
179
169
156
136
123
109
106
102
87
87
84
84
91
93
82
76
77
83
89
80
84
94
89
80
76
78
77
75
71
69
83
80
66
65
66
65
75
74
80
71
78
95
88
88
102
98
97
89
84
92
85
75
69
62
71
79
78
74
74
78
83
80
72
67
64
54
46
38
34
37
44
32
28
25
25
24
26
27
25
35
48
43
58
84
93
101
121
129
119
112
102
77
59
46
37
33
25
17
20
16
20
15
11
18
11
7
13
11
11
13
13
10
9
10
8
9
0
