0
0
0
0
0
0
0
0
1352
4730
3166
2912
2919
2872
2996
3063
3193
3450
3832
4448
5545
5645
4385
3448
3232
3172
3056
2974
3136
3216
3075
2616
2308
2222
2116
2151
2120
2052
2017
2051
2121
2054
1993
2036
2070
2012
1889
1810
1927
2168
2385
2447
2253
1935
1759
1867
2205
2540
2601
2336
1948
1742
1631
1690
1671
1657
1633
1631
1695
1658
1641
1658
1686
1706
1734
1776
1855
1992
2141
2216
2148
1981
1807
1692
1582
1475
1351
1190
1113
1064
1024
1053
1003
1004
926
826
852
960
1424
2185
3040
3660
3806
3311
2395
1485
834
469
320
322
449
725
1198
1879
2588
3033
2995
2516
1802
1149
668
359
221
157
133
138
141
130
135
133
137
152
153
154
148
142
160
178
186
177
143
134
130
121
116
99
100
92
99
87
86
95
94
84
71
74
80
78
88
91
83
80
80
84
82
78
79
80
76
75
79
80
84
78
57
59
66
57
56
62
79
85
89
92
109
115
94
81
91
91
82
77
80
74
71
78
74
69
71
65
68
75
68
59
53
47
40
37
41
38
27
21
23
25
27
28
27
27
33
40
42
52
75
100
114
108
115
116
112
84
83
61
39
46
25
22
19
18
13
7
9
16
10
6
6
7
8
7
6
8
6
7
7
5
5
0
