0
0
1699
5573
2834
3053
3017
2947
3152
3155
3322
3573
4079
4329
6449
6138
3978
3416
3319
3310
3144
2979
3337
3347
3221
2616
2349
2298
2178
2234
2190
2118
2083
2125
2223
2112
2037
2123
2168
2085
1947
1791
2000
2275
2523
2618
2330
1927
1744
1905
2325
2714
2738
2397
1959
1784
1676
1760
1726
1713
1687
1685
1777
1702
1694
1720
1754
1767
1798
1843
1908
2094
2242
2361
2204
2041
1806
1764
1602
1522
1383
1186
1146
1091
1051
1101
1025
1044
939
834
895
1017
1591
2442
3378
3964
4031
3285
2200
1259
683
377
294
326
500
810
1384
2198
2948
3292
3044
2401
1588
980
535
278
194
142
133
148
147
126
150
130
151
165
154
166
141
152
183
186
206
154
139
141
124
134
100
111
91
106
95
81
101
98
95
73
68
90
77
84
109
80
87
79
89
88
77
83
83
78
76
83
82
90
83
59
62
69
59
60
65
85
90
94
92
118
127
91
76
106
92
83
75
92
66
76
91
65
79
69
66
74
84
62
61
50
48
37
42
45
36
21
22
28
23
34
28
25
34
41
45
45
71
93
127
107
121
120
123
87
88
68
41
51
26
22
19
20
13
7
10
21
7
6
8
8
11
5
10
7
8
10
6
5
8
9
7
6
9
9
6
5
3
228
