0
0
1790
5614
2870
3062
2977
2956
3187
3094
3341
3527
4134
4448
6173
6215
4106
3456
3393
3186
3034
3084
3302
3365
3072
2637
2300
2276
2178
2212
2205
2117
2169
2147
2219
2177
1960
1980
2172
2102
1985
1876
2014
2295
2513
2579
2303
1897
1839
1978
2425
2659
2640
2371
2004
1771
1737
1803
1753
1622
1705
1776
1698
1622
1719
1772
1790
1790
1869
1845
1950
2073
2227
2270
2335
2013
1901
1689
1660
1443
1432
1286
1152
1069
1123
1111
1064
982
871
872
838
1055
1472
2370
3359
3920
3934
3211
2183
1271
687
375
308
326
479
804
1387
2134
2937
3283
3060
2430
1603
976
494
259
184
158
140
147
112
145
140
114
134
134
132
148
150
151
167
203
172
179
164
151
135
121
113
107
80
87
94
81
92
85
94
93
92
86
88
87
86
88
82
88
93
77
70
87
65
76
82
77
77
76
66
69
86
77
76
72
60
84
101
100
111
117
104
87
96
74
93
82
83
71
64
100
64
64
63
69
77
78
59
73
70
52
48
46
40
33
29
49
37
22
18
22
26
31
37
36
53
62
74
102
102
137
142
145
113
122
85
64
53
45
30
26
25
17
9
16
13
11
2
6
7
18
9
15
8
13
6
12
13
5
12
12
9
14
10
9
9
5
3
236
