0
0
0
0
0
0
0
0
1424
4776
3211
2925
2891
2873
3014
3037
3183
3436
3863
4478
5454
5625
4483
3520
3261
3111
2979
2996
3142
3201
2983
2600
2274
2199
2114
2131
2131
2053
2087
2080
2127
2088
1941
1933
2038
2029
1929
1866
1959
2178
2376
2420
2226
1930
1814
1944
2270
2514
2525
2309
1979
1740
1681
1733
1698
1580
1636
1701
1649
1589
1643
1699
1722
1739
1778
1805
1871
1990
2109
2188
2182
2025
1838
1689
1584
1452
1372
1268
1139
1052
1073
1075
1037
965
863
842
817
972
1340
2089
2990
3613
3733
3252
2379
1497
848
475
326
324
436
707
1178
1834
2548
3024
3009
2554
1835
1162
651
341
210
164
143
139
121
128
136
121
120
128
129
135
142
144
153
174
184
168
167
153
139
125
114
107
94
79
85
86
82
86
85
89
90
87
84
84
84
84
83
82
84
84
75
72
76
67
72
77
75
74
73
64
66
83
75
74
70
60
79
94
98
105
110
102
89
87
81
81
83
78
72
69
78
75
61
61
63
70
74
65
64
69
57
49
46
42
35
30
37
40
30
21
19
22
26
31
34
41
53
62
79
96
107
132
136
135
110
112
80
61
51
42
29
26
25
17
10
13
13
10
4
3
6
12
12
11
11
9
10
8
11
9
7
0
