0
0
1748
5679
2836
3048
2936
2963
3128
3191
3279
3609
4025
4333
6239
6310
4045
3391
3325
3067
3102
2979
3287
3428
3227
2599
2357
2191
2223
2225
2277
2128
2071
2161
2132
2090
2086
2127
2217
2125
1953
1850
2004
2298
2516
2624
2278
1937
1907
1969
2319
2748
2767
2361
2036
1713
1667
1766
1717
1763
1670
1699
1724
1648
1757
1732
1760
1724
1771
1849
1951
2005
2284
2346
2199
2032
1824
1719
1637
1419
1392
1231
1162
1086
1107
1072
1096
1004
868
815
829
1052
1626
2407
3351
4042
3993
3350
2160
1278
685
417
296
321
498
822
1401
2165
2810
3267
3096
2426
1612
992
501
264
158
133
144
151
133
111
143
141
122
129
145
134
167
185
182
186
181
183
145
128
120
138
112
98
112
96
113
91
76
85
79
84
91
84
90
95
71
88
83
93
74
93
98
71
69
78
70
64
68
88
74
71
72
66
76
70
66
88
86
83
112
114
118
104
96
91
98
83
78
88
63
75
78
76
82
56
71
71
73
61
64
64
47
37
26
43
44
31
26
37
31
23
31
29
30
42
51
53
72
83
101
119
130
131
121
124
99
84
61
40
37
20
15
12
10
13
7
13
10
9
9
16
8
5
8
10
6
6
10
11
10
12
2
11
5
9
7
5
9
231
