0
0
0
0
0
0
0
0
1400
4862
3173
2918
2863
2871
2996
3083
3193
3467
3834
4438
5525
5663
4422
3451
3187
3044
2971
2969
3135
3256
3072
2593
2299
2145
2148
2155
2201
2063
2010
2083
2064
2029
2025
2066
2115
2041
1904
1846
1973
2210
2412
2432
2198
1942
1866
1975
2273
2585
2593
2286
1959
1688
1631
1697
1668
1701
1616
1644
1663
1611
1688
1683
1694
1683
1722
1797
1881
1996
2169
2222
2118
1950
1784
1666
1549
1412
1316
1207
1122
1068
1062
1046
1045
965
846
792
809
1026
1585
2346
3227
3839
3793
3171
2148
1297
730
437
319
340
507
839
1374
2038
2650
3010
2907
2361
1649
1025
561
294
173
134
136
143
131
110
133
137
122
122
136
131
154
174
177
178
177
173
150
129
120
124
116
102
100
101
99
95
80
77
79
79
85
85
84
89
77
78
82
86
79
83
91
78
69
71
71
65
64
75
77
71
69
67
67
71
66
71
85
83
90
108
110
110
98
91
89
90
80
78
77
65
71
74
75
70
61
65
68
66
62
60
57
46
35
31
37
39
32
29
32
31
25
28
29
29
38
47
50
66
78
93
111
122
124
121
119
103
86
65
46
37
26
17
13
11
10
10
8
12
9
8
10
13
7
4
7
8
5
6
8
9
10
0
