0
0
0
0
0
0
0
0
1434
4889
3214
2917
2943
2925
2923
2938
3114
3422
3835
4490
5567
5648
4398
3455
3207
3131
3077
3084
3222
3254
3018
2580
2362
2261
2168
2158
2131
2070
2093
2070
2104
1974
1983
1997
2036
2021
1885
1795
1915
2162
2394
2426
2196
1908
1811
1985
2326
2576
2568
2312
1897
1721
1700
1671
1659
1644
1592
1646
1678
1683
1663
1674
1727
1738
1759
1802
1890
2047
2193
2257
2207
1995
1791
1673
1565
1444
1328
1221
1120
1046
1064
1053
1003
958
850
843
834
1046
1552
2354
3320
3833
3739
3064
2054
1209
672
433
344
361
521
873
1424
2086
2689
2969
2798
2246
1565
954
541
289
188
154
153
147
134
144
138
133
132
149
136
130
162
183
186
185
174
163
165
145
121
109
108
103
93
89
96
99
86
78
89
92
85
81
77
75
70
87
88
78
65
76
73
72
73
72
69
75
76
70
72
75
64
66
77
75
69
63
75
96
108
107
108
94
91
74
72
84
75
74
70
73
77
84
88
83
83
77
74
66
57
54
54
46
41
41
42
36
31
28
29
26
18
20
31
32
36
42
54
56
66
94
113
122
109
114
108
83
82
68
50
37
23
17
16
12
11
11
8
9
10
6
8
9
8
11
8
6
8
9
8
10
9
0
