0
0
1783
5685
2896
3034
3039
3014
3021
3003
3232
3540
4029
4406
6263
6293
4017
3444
3266
3241
3163
3126
3380
3410
3158
2587
2425
2334
2228
2228
2201
2137
2163
2131
2196
2014
2054
2052
2109
2126
1952
1780
1946
2211
2517
2599
2312
1914
1804
1970
2405
2721
2699
2476
1916
1758
1761
1723
1713
1701
1640
1698
1733
1741
1715
1718
1791
1791
1811
1850
1922
2088
2298
2319
2379
2067
1824
1741
1632
1497
1381
1261
1174
1043
1111
1098
1032
1011
867
876
841
1046
1551
2364
3406
3994
3948
3266
2142
1227
647
426
341
333
497
814
1448
2112
2892
3161
3031
2319
1619
904
540
249
188
150
162
151
134
153
141
137
138
156
138
134
173
193
191
194
176
166
178
143
120
108
116
103
95
86
111
100
85
72
108
87
91
79
83
76
68
103
85
78
62
87
71
77
78
72
70
82
76
69
80
77
57
80
79
77
65
66
91
114
107
121
97
103
82
65
91
78
79
73
75
81
83
97
82
92
77
83
69
62
49
63
48
40
42
49
37
32
26
33
28
17
18
37
31
39
43
58
57
70
101
118
128
110
120
110
81
86
67
47
36
18
19
15
11
14
10
8
13
7
9
11
8
13
9
7
9
10
8
11
10
8
14
8
5
10
6
5
4
233
