0
0
0
0
0
0
0
0
1448
4827
3169
2910
2915
2884
2927
3020
3098
3369
3803
4453
5542
5647
4393
3479
3237
3079
3030
3080
3173
3322
3074
2547
2304
2194
2201
2225
2127
2079
2051
2113
2119
2063
2008
2031
2043
1995
1903
1857
1939
2209
2483
2471
2220
1948
1837
1962
2270
2533
2566
2256
1967
1706
1667
1680
1643
1618
1613
1624
1625
1588
1597
1624
1676
1686
1706
1761
1842
1965
2113
2204
2149
2005
1839
1691
1595
1515
1363
1225
1156
1119
1067
1021
1036
948
878
838
808
954
1443
2184
3012
3729
3761
3189
2320
1434
781
441
330
347
489
799
1283
1909
2564
2976
2919
2435
1751
1102
619
340
199
151
132
143
147
127
146
144
140
129
128
129
150
161
175
192
180
168
166
149
132
129
109
102
97
100
89
83
78
81
78
80
86
93
92
81
82
83
74
68
72
78
78
74
72
71
70
76
81
76
80
90
67
66
70
61
77
79
95
95
100
92
95
111
112
100
91
83
80
72
71
78
79
76
77
77
78
79
70
69
70
62
57
49
38
35
38
37
28
25
26
27
25
28
31
29
36
47
56
65
77
92
105
117
120
111
111
108
82
66
51
38
28
23
17
13
12
19
13
8
8
9
7
10
11
12
11
7
6
7
7
7
7
0
