0
0
1818
5650
2820
3050
3008
2973
3032
3157
3165
3505
4038
4370
6353
6228
3938
3495
3345
3122
3124
3199
3249
3561
3179
2530
2365
2254
2281
2305
2192
2147
2116
2198
2197
2131
2055
2114
2124
2077
1943
1904
1947
2287
2709
2586
2295
1945
1849
1988
2391
2672
2731
2288
2026
1726
1723
1742
1697
1672
1668
1683
1686
1633
1656
1674
1755
1737
1761
1827
1899
2042
2199
2358
2204
2082
1871
1727
1630
1593
1377
1244
1186
1157
1096
1047
1080
967
900
862
831
1010
1566
2373
3257
4064
3929
3212
2234
1271
648
370
323
339
516
868
1429
2116
2880
3226
3018
2372
1615
958
515
288
174
149
130
156
151
122
166
142
146
127
137
131
174
161
200
201
174
174
174
129
152
113
114
94
111
94
92
79
84
81
77
90
93
103
89
75
95
79
70
71
83
83
76
73
77
70
76
88
78
77
103
69
69
74
61
80
81
99
98
106
95
94
119
120
102
95
82
87
69
74
85
81
77
85
72
88
82
67
76
73
59
62
47
36
38
41
37
25
26
29
31
23
35
33
29
45
55
62
76
87
107
114
133
116
111
124
89
74
56
43
29
25
18
14
12
21
14
8
10
11
7
12
12
14
12
5
9
7
9
6
11
5
6
5
9
8
4
7
5
253
