0
0
0
0
0
0
0
0
1415
4815
3168
2872
2897
2863
3025
3056
3140
3443
3901
4593
5631
5615
4352
3417
3172
3071
3010
3026
3135
3272
2991
2533
2304
2250
2119
2151
2071
2082
2075
2129
2169
2033
1973
2011
2089
2029
1907
1864
1951
2178
2353
2358
2176
1918
1819
2003
2312
2565
2562
2291
1975
1681
1662
1643
1674
1545
1694
1672
1660
1653
1602
1617
1645
1709
1739
1813
1872
1993
2145
2192
2107
1958
1775
1630
1541
1450
1341
1224
1139
1055
1036
1027
981
924
871
797
796
1038
1461
2302
3237
3720
3823
3214
2227
1350
765
448
333
360
508
822
1329
2010
2703
3074
2929
2391
1731
1086
582
306
184
148
143
134
131
142
145
127
134
131
129
128
136
155
166
176
175
174
173
150
135
124
105
101
98
101
86
75
86
88
91
96
97
92
81
80
74
72
75
83
78
75
77
76
76
72
65
66
67
62
60
61
64
74
71
82
78
87
85
86
92
105
118
110
97
81
85
74
72
86
82
86
89
84
81
83
84
84
87
81
71
66
58
50
41
40
39
30
33
33
30
22
19
22
27
29
35
37
57
64
70
96
107
124
136
126
117
115
87
56
46
40
29
23
18
11
11
12
10
12
9
10
9
8
7
7
12
10
7
8
9
10
7
0
