0
0
1768
5640
2829
2997
2997
2930
3193
3136
3225
3577
4119
4541
6441
6100
4010
3353
3288
3144
3094
3119
3218
3517
3074
2544
2353
2335
2172
2229
2135
2154
2143
2205
2268
2078
2025
2066
2205
2110
1933
1920
1943
2309
2462
2504
2267
1940
1781
2065
2396
2719
2707
2359
2044
1691
1725
1693
1738
1595
1756
1727
1716
1715
1643
1677
1686
1794
1764
1908
1904
2050
2257
2313
2172
2048
1806
1666
1598
1496
1389
1245
1183
1069
1073
1065
1011
951
898
819
825
1089
1527
2436
3473
3906
4075
3300
2170
1249
692
395
310
365
502
862
1400
2177
2991
3329
3047
2368
1677
981
490
266
167
149
147
135
137
151
152
126
144
132
134
132
146
169
174
188
174
187
180
135
151
110
108
100
105
111
66
89
91
91
100
99
103
87
79
86
70
79
78
93
71
83
79
76
83
66
68
73
68
58
66
63
80
70
87
79
90
88
89
93
105
124
114
106
80
92
79
65
100
78
92
95
85
83
89
85
84
97
83
68
75
54
56
36
45
41
26
38
33
31
20
20
25
32
33
40
41
68
69
76
113
111
141
143
120
122
115
66
48
47
32
24
22
12
12
13
11
13
10
11
10
9
7
6
14
11
7
10
9
13
7
3
7
8
7
9
7
6
2
234
