0
0
0
0
0
0
0
0
1422
4840
3203
2903
2948
2925
2963
2998
3167
3478
3811
4470
5640
5702
4388
3429
3205
3073
2990
3022
3139
3249
3038
2546
2329
2215
2183
2179
2092
2132
2006
2081
2054
1965
1998
2023
2022
2020
1970
1916
1955
2129
2355
2423
2230
1936
1817
1951
2280
2583
2613
2298
1846
1658
1663
1693
1722
1629
1616
1600
1655
1676
1664
1651
1689
1726
1758
1794
1881
2013
2143
2208
2144
1939
1761
1688
1617
1476
1317
1194
1104
1079
1063
1053
1011
941
865
821
767
1006
1512
2234
3223
3780
3726
3171
2213
1343
728
415
316
333
499
844
1368
2037
2674
3026
2914
2378
1675
1006
544
326
205
154
152
141
137
144
142
137
125
123
122
126
165
182
176
170
171
177
172
149
131
118
98
87
99
103
95
95
90
86
87
82
83
96
86
79
87
82
77
79
79
82
79
77
79
77
76
79
79
68
67
70
71
75
65
72
82
82
95
96
97
115
107
115
108
90
90
84
76
81
82
75
71
68
73
73
69
70
74
73
67
59
51
48
49
42
37
33
31
30
32
31
27
25
31
31
30
41
42
58
65
79
107
131
131
130
115
95
76
53
37
32
24
18
21
18
15
11
13
15
8
9
8
13
6
3
6
7
8
7
8
8
8
0
