0
0
1776
5649
2881
3024
3054
3010
3080
3075
3277
3650
3960
4362
6492
6252
4020
3341
3372
3110
3072
3110
3242
3446
3178
2530
2398
2275
2253
2253
2158
2205
2060
2162
2129
2007
2074
2096
2084
2104
2041
1948
1991
2163
2493
2577
2359
1920
1829
1949
2361
2731
2779
2413
1853
1690
1720
1750
1789
1682
1670
1650
1714
1735
1721
1694
1749
1784
1823
1837
1934
2073
2238
2301
2287
1981
1780
1746
1701
1527
1347
1234
1119
1119
1095
1093
1048
972
889
848
791
1044
1572
2311
3410
3996
3905
3324
2202
1299
651
370
312
304
498
862
1416
2183
2901
3265
3087
2394
1645
907
473
312
185
151
161
142
143
151
145
140
127
126
126
133
184
192
177
175
178
188
177
142
132
123
85
91
117
97
102
98
89
89
94
76
95
105
79
86
96
78
81
85
80
89
76
81
84
76
81
86
76
64
78
69
84
68
70
87
79
99
101
94
121
110
119
118
94
92
90
76
83
91
74
78
64
82
75
70
70
81
77
68
62
51
47
58
39
40
33
31
31
35
32
26
26
35
31
32
46
42
67
70
88
120
143
131
137
109
93
69
43
35
31
18
22
20
17
12
13
19
9
10
6
15
8
4
7
9
10
7
10
8
9
14
7
12
6
5
5
4
3
224
