0
0
1761
5603
2788
2982
2989
2991
3079
3043
3287
3538
4143
4392
6397
6065
4069
3409
3427
3243
3101
3105
3266
3391
3155
2600
2383
2293
2249
2321
2222
2156
2180
2137
2134
2106
1999
2073
2171
2051
1951
1900
1967
2265
2540
2599
2310
1894
1898
2014
2356
2757
2735
2378
1984
1760
1720
1754
1678
1813
1627
1685
1734
1686
1804
1708
1774
1702
1829
1847
1962
2142
2272
2361
2233
1987
1771
1718
1654
1495
1413
1223
1121
1104
999
1112
1066
971
918
814
843
1092
1507
2356
3262
4020
3993
3261
2241
1263
672
374
311
332
497
854
1377
2174
2871
3144
3088
2330
1547
864
462
262
198
167
164
153
135
147
149
129
148
117
133
134
169
178
197
206
186
170
166
148
124
122
96
97
93
93
97
100
109
107
82
76
83
80
86
97
84
87
74
102
87
75
84
91
85
92
74
67
72
71
74
67
69
66
76
102
76
89
97
88
109
110
108
99
76
80
79
71
72
81
82
87
98
70
90
72
91
65
76
63
61
51
45
52
50
47
24
25
30
39
20
28
27
33
40
37
47
50
80
75
111
126
141
134
114
118
92
70
73
53
25
17
26
14
18
17
15
15
16
6
6
8
12
9
6
7
13
10
12
15
4
7
6
5
6
12
4
4
7
264
