0
0
0
0
0
0
0
0
1410
4801
3121
2855
2891
2899
2958
2980
3152
3445
3886
4524
5573
5588
4369
3486
3277
3161
3038
3032
3144
3218
3020
2586
2331
2228
2185
2238
2154
2088
2107
2072
2064
2030
1960
2009
2063
1989
1899
1863
1955
2188
2409
2433
2201
1926
1862
2002
2301
2590
2582
2287
1938
1723
1672
1688
1637
1745
1575
1632
1672
1646
1722
1673
1696
1681
1752
1808
1916
2066
2192
2235
2129
1924
1749
1659
1577
1462
1342
1199
1101
1053
1001
1054
1026
944
884
793
819
1058
1469
2277
3132
3800
3781
3133
2198
1313
721
416
320
348
511
841
1359
2035
2648
2960
2860
2311
1580
941
514
292
203
168
158
149
133
140
142
128
140
118
124
128
155
170
185
195
185
170
160
147
129
117
103
92
92
90
91
95
101
102
89
76
76
79
80
89
86
82
77
87
89
78
78
84
85
85
80
69
67
68
69
69
65
65
67
82
89
77
88
91
91
105
106
101
89
74
77
75
69
71
77
79
86
84
77
79
77
77
70
67
63
57
50
47
48
49
41
28
24
28
32
24
25
27
30
36
36
42
46
71
74
99
118
132
132
117
112
97
75
68
59
35
20
20
20
14
17
16
14
14
12
5
5
8
11
8
5
7
12
10
11
10
5
0
