0
0
1758
5654
2748
3010
2923
2902
2998
3079
3229
3507
4090
4386
6344
6282
4163
3360
3428
3228
3147
3048
3217
3451
3075
2566
2295
2272
2229
2253
2170
2106
2087
2172
2126
2116
2098
2057
2054
2139
1973
1861
2013
2177
2635
2581
2295
1935
1836
1934
2349
2673
2820
2301
1928
1829
1642
1840
1744
1631
1568
1729
1699
1824
1650
1679
1762
1848
1882
1875
1939
2068
2258
2250
2353
2019
1838
1757
1710
1517
1400
1295
1231
1092
1076
1075
1039
932
931
867
856
1036
1522
2373
3423
4027
3964
3365
2170
1295
720
429
305
322
476
821
1419
2179
2923
3248
2984
2388
1619
945
521
273
181
139
154
141
163
123
155
131
121
163
139
152
158
168
197
166
169
164
162
132
134
126
114
110
99
91
114
93
96
96
85
98
93
94
81
90
87
85
84
93
74
69
100
70
87
80
71
59
81
80
76
61
58
72
68
65
73
63
95
111
85
115
95
117
97
90
88
82
80
72
89
76
73
85
71
74
68
81
69
66
62
63
37
46
50
41
39
31
24
26
24
22
34
27
33
36
42
50
76
70
87
127
141
123
127
123
98
73
67
36
26
18
16
15
10
11
12
16
10
8
12
7
7
14
7
10
8
11
7
8
9
14
9
8
8
3
6
7
6
249
