0
0
0
0
0
0
0
0
1408
4844
3098
2874
2846
2820
2888
2978
3125
3409
3853
4503
5591
5699
4462
3487
3263
3164
3050
3007
3117
3230
2972
2536
2260
2200
2164
2176
2103
2040
2024
2094
2062
2049
2029
1998
2004
2023
1920
1859
1955
2183
2438
2440
2194
1926
1823
1953
2272
2564
2596
2233
1899
1752
1635
1756
1683
1577
1526
1673
1655
1742
1613
1635
1710
1784
1814
1830
1896
2025
2147
2206
2169
1975
1796
1706
1616
1478
1353
1258
1173
1077
1045
1035
993
912
894
842
838
1020
1501
2336
3306
3844
3769
3160
2131
1294
743
446
325
340
501
849
1404
2094
2722
3007
2825
2294
1613
990
555
303
189
144
145
140
151
125
146
130
119
152
138
145
152
161
183
169
162
160
154
137
128
123
114
107
98
93
98
98
90
92
89
89
92
90
83
83
86
83
82
86
78
69
86
77
78
80
73
63
69
77
76
66
59
62
68
64
65
67
74
96
99
92
105
98
106
92
87
84
79
75
75
82
74
74
76
71
69
70
72
68
63
61
53
43
43
45
41
36
30
25
24
24
23
29
28
30
33
39
47
70
69
81
117
133
123
122
120
100
77
65
43
29
21
16
15
12
9
10
12
13
9
8
9
6
8
11
6
9
7
9
6
7
8
0
