0
0
1807
5650
2785
3004
3017
2931
2985
3181
3219
3580
4067
4413
6332
6118
4047
3403
3367
3185
3054
2963
3251
3421
3171
2572
2386
2308
2223
2270
2225
2054
2087
2086
2163
2096
1998
2042
2160
2066
1988
1841
1938
2153
2609
2568
2343
1911
1842
1912
2322
2772
2701
2324
1988
1762
1704
1807
1788
1708
1617
1708
1791
1759
1725
1694
1724
1784
1882
1834
1929
2039
2125
2304
2250
2074
1818
1728
1654
1436
1399
1200
1111
1056
1124
1085
1013
974
879
815
898
1086
1584
2359
3338
4093
4116
3377
2288
1277
662
415
326
347
525
826
1407
2207
2925
3310
3089
2428
1580
942
493
289
182
150
157
140
139
144
121
143
131
127
121
153
154
165
221
209
196
177
148
152
128
131
109
103
106
101
101
96
81
85
92
103
70
84
98
92
73
82
87
73
81
81
80
85
94
84
84
77
79
65
61
72
80
74
79
67
86
85
94
105
107
99
95
127
88
109
84
80
70
80
73
74
79
90
73
66
78
80
66
56
41
51
43
45
43
39
47
45
31
25
28
22
24
32
45
42
55
49
67
78
101
134
127
129
139
109
102
90
54
37
31
19
25
19
7
18
10
17
5
12
11
10
12
6
6
9
8
10
15
12
13
7
8
7
2
5
5
7
8
248
