0
0
0
0
0
0
0
0
1448
4848
3127
2873
2916
2858
2894
3037
3152
3443
3862
4507
5561
5594
4371
3465
3235
3107
2973
2942
3110
3236
3032
2570
2330
2237
2163
2192
2154
1992
2018
2024
2080
2026
1953
1988
2054
2003
1910
1833
1904
2144
2414
2440
2212
1928
1815
1933
2270
2586
2550
2244
1931
1723
1669
1740
1726
1649
1568
1656
1729
1702
1670
1647
1675
1736
1796
1804
1874
1972
2082
2178
2145
1980
1792
1674
1564
1426
1316
1179
1080
1045
1070
1044
983
937
853
797
875
1059
1547
2302
3217
3889
3890
3222
2230
1312
716
437
340
367
528
850
1388
2086
2728
3059
2913
2352
1621
988
549
310
196
153
149
138
135
138
121
135
128
124
119
142
148
159
199
205
192
174
153
143
132
123
113
103
100
100
97
94
85
80
86
92
80
75
89
91
77
75
81
76
75
77
78
79
86
85
82
78
76
69
61
62
72
75
73
72
71
83
85
94
101
101
95
100
111
90
98
81
75
70
75
71
72
78
80
70
67
73
73
64
52
45
44
43
42
42
40
43
41
32
26
25
23
23
29
40
41
51
48
61
73
92
123
125
124
130
113
100
90
63
42
32
24
21
21
13
10
14
11
11
7
11
10
9
9
5
5
8
7
10
13
12
10
0
