0
0
0
0
0
0
0
0
1417
4917
3211
2936
2918
2862
2964
3043
3121
3371
3821
4528
5569
5656
4421
3444
3209
3123
3042
3064
3249
3315
3001
2521
2266
2211
2180
2091
2035
2039
2072
2092
2113
2108
1983
2021
2084
2023
1901
1824
1921
2137
2349
2417
2236
1942
1823
1982
2314
2554
2547
2273
1932
1751
1745
1707
1707
1641
1590
1619
1600
1664
1617
1614
1646
1713
1770
1823
1875
1983
2127
2210
2123
1947
1806
1711
1597
1450
1335
1216
1132
1064
1049
1043
1013
908
877
792
820
941
1395
2296
3226
3799
3834
3259
2201
1312
731
430
342
364
506
850
1402
2069
2672
3003
2900
2330
1609
976
523
297
200
171
144
142
149
135
135
144
124
114
136
134
162
163
163
169
150
157
162
140
125
121
112
100
97
105
106
92
83
78
78
84
81
78
74
73
73
78
82
82
91
88
83
70
65
64
65
69
70
72
78
72
57
67
81
65
72
76
84
91
97
105
115
121
98
91
90
88
93
92
88
81
73
76
82
87
86
87
81
71
69
69
63
49
37
35
39
31
28
31
28
29
29
25
29
31
35
37
57
69
65
83
114
121
122
123
114
109
81
58
48
29
18
22
18
11
13
7
6
13
14
9
7
8
11
10
14
8
6
6
7
9
12
0
