0
0
1770
5743
2872
3064
3006
2932
3095
3152
3203
3475
4016
4516
6241
6288
4064
3369
3322
3215
3120
3103
3413
3513
3103
2531
2309
2282
2255
2155
2100
2108
2143
2162
2185
2204
2009
2083
2189
2098
1967
1822
1960
2202
2459
2574
2374
1935
1819
1977
2421
2684
2704
2370
1973
1782
1814
1759
1771
1698
1643
1675
1645
1733
1664
1664
1691
1774
1824
1892
1912
2038
2192
2347
2227
1992
1861
1765
1689
1461
1407
1235
1178
1082
1086
1078
1064
925
914
811
846
969
1425
2367
3368
3991
4042
3452
2203
1280
689
384
338
356
478
840
1450
2188
2881
3202
3142
2340
1595
915
457
277
187
178
142
149
157
137
142
151
124
116
147
137
177
166
171
180
142
174
169
132
128
126
110
99
99
118
109
85
92
70
90
84
84
78
76
76
76
86
84
87
100
85
86
63
69
67
66
78
68
82
82
66
48
97
65
75
77
84
93
99
107
114
135
104
95
94
90
98
96
91
88
71
81
80
94
86
92
90
67
76
70
72
49
38
33
49
27
28
37
26
31
29
24
33
32
39
38
64
75
66
91
125
128
128
129
113
113
69
54
48
19
20
26
11
15
11
3
14
17
10
8
8
12
8
17
9
7
8
7
6
17
6
12
8
10
4
9
7
5
221
