0
0
0
0
0
0
0
0
1404
4866
3259
2885
2862
2847
2960
3035
3136
3433
3796
4411
5512
5658
4416
3474
3279
3175
3049
2999
3168
3307
3068
2605
2326
2211
2108
2115
2199
2088
1983
2047
2118
1995
1959
1999
2069
2024
1929
1839
1907
2155
2418
2443
2202
1935
1831
1929
2236
2521
2597
2310
1901
1735
1679
1673
1651
1611
1680
1584
1671
1672
1667
1666
1720
1757
1777
1786
1867
1998
2144
2202
2141
1987
1816
1717
1640
1505
1352
1190
1109
1042
1021
1021
1028
947
888
836
861
1025
1464
2240
3128
3795
3849
3201
2279
1389
762
443
309
332
498
816
1330
1991
2616
2992
2909
2362
1648
992
558
320
208
168
149
128
127
129
126
120
124
113
129
134
148
166
178
181
170
160
148
138
131
121
119
115
96
90
94
90
89
94
97
95
88
84
78
73
72
79
87
85
83
83
81
72
71
72
72
71
66
70
68
64
71
67
73
81
77
77
85
83
89
105
98
114
108
89
76
73
82
80
66
74
78
73
71
77
73
75
81
74
63
62
61
53
48
39
36
34
30
29
28
24
20
22
27
30
31
37
55
67
71
86
100
121
122
117
109
103
87
63
46
33
26
21
19
19
12
14
10
10
11
9
13
10
7
10
14
13
8
8
11
8
4
0
