0
0
1755
5688
2931
2993
2951
2928
3095
3142
3210
3602
3970
4329
6255
6297
3998
3427
3416
3259
3144
3012
3318
3512
3183
2619
2375
2281
2167
2187
2277
2153
2039
2119
2218
2038
2016
2055
2181
2084
2014
1840
1932
2206
2593
2607
2275
1933
1867
1912
2339
2638
2777
2407
1912
1783
1730
1733
1707
1664
1740
1628
1738
1727
1724
1709
1787
1815
1852
1813
1934
2043
2260
2301
2238
2064
1838
1764
1728
1536
1417
1187
1156
1060
1054
1055
1075
971
915
862
892
1067
1529
2357
3311
4039
4081
3276
2273
1302
671
415
265
329
508
831
1406
2172
2829
3251
3073
2342
1589
874
502
282
196
168
150
128
135
136
129
123
132
112
143
137
161
178
188
190
167
167
144
145
131
117
136
109
88
99
97
89
97
101
103
95
87
85
76
74
76
88
95
83
87
87
81
67
80
70
81
65
72
78
58
78
69
73
85
80
78
88
86
87
112
99
118
116
95
79
73
85
93
58
81
82
79
65
91
69
76
92
78
57
70
64
50
53
35
40
34
30
32
28
23
20
24
31
34
35
41
64
74
76
97
109
136
120
121
107
107
75
55
39
28
23
20
23
13
16
11
11
12
10
14
11
8
11
16
15
8
8
14
9
3
6
7
9
7
8
5
12
4
225
