0
0
0
0
0
0
0
0
1447
4794
3241
2964
2871
2864
2969
3031
3156
3328
3747
4459
5595
5708
4441
3455
3226
3138
3056
3036
3163
3188
2978
2513
2297
2194
2145
2165
2182
2088
2050
2037
2098
2055
2013
2059
2120
2011
1849
1785
1867
2145
2433
2452
2209
1965
1859
1959
2279
2554
2528
2319
1964
1733
1719
1731
1633
1621
1620
1621
1689
1630
1612
1610
1658
1733
1784
1832
1893
2027
2196
2216
2097
1950
1821
1704
1589
1491
1370
1210
1115
1073
1038
1012
984
931
901
787
879
1033
1465
2274
3157
3772
3813
3258
2334
1381
730
420
316
340
480
818
1369
2009
2617
2984
2860
2298
1660
1047
579
322
196
152
123
112
120
130
147
127
143
142
140
143
145
162
176
182
181
172
171
149
122
117
124
119
100
91
89
93
91
78
76
84
81
79
84
87
89
85
80
71
76
82
79
76
84
71
65
71
68
65
64
62
67
75
65
50
76
72
72
91
94
103
110
108
96
96
90
71
82
82
71
71
74
69
72
75
71
67
66
66
61
56
56
52
39
31
33
38
31
25
23
28
27
32
30
30
30
39
50
58
82
101
122
124
127
128
124
116
87
59
45
38
28
19
16
14
10
13
11
9
13
9
6
6
5
8
6
5
10
11
11
10
6
0
