0
0
1808
5586
2928
3090
2936
2956
3100
3117
3303
3368
3986
4361
6391
6289
4092
3354
3372
3200
3171
3059
3340
3319
3127
2501
2363
2257
2211
2241
2257
2154
2116
2098
2185
2121
2065
2120
2242
2087
1872
1829
1854
2211
2604
2635
2252
2002
1876
1947
2363
2733
2630
2440
2005
1759
1776
1801
1683
1675
1674
1670
1758
1678
1665
1656
1706
1801
1843
1894
1946
2051
2343
2320
2171
2009
1873
1771
1628
1546
1438
1221
1143
1109
1069
1044
1020
956
936
805
913
1072
1519
2378
3331
3994
4022
3384
2359
1293
643
387
288
349
455
822
1475
2134
2833
3242
3033
2249
1660
952
512
288
178
154
120
114
129
138
156
125
155
144
143
150
151
176
186
192
186
172
187
137
118
122
140
114
95
92
93
104
88
73
85
89
78
86
90
94
95
83
80
69
86
85
78
78
95
56
75
75
65
69
62
67
77
82
39
79
77
67
95
96
105
114
115
100
99
104
67
87
90
71
71
83
67
75
83
70
72
66
72
63
53
63
55
37
30
35
46
29
24
22
32
27
36
30
34
30
45
56
64
94
111
135
128
136
132
127
114
73
52
41
37
22
17
16
11
14
12
9
14
10
7
7
6
9
7
3
12
11
13
13
5
8
9
5
8
5
8
5
2
241
