0
0
1755
5578
2832
2951
3011
2977
3107
2998
3270
3612
4077
4309
6357
6182
4005
3439
3350
3336
3102
3039
3356
3394
3143
2644
2375
2219
2263
2307
2182
2095
2138
2152
2114
2148
2062
2010
2207
2118
1925
1800
1899
2258
2642
2720
2339
1943
1839
2014
2289
2615
2709
2379
2040
1768
1770
1763
1785
1666
1750
1663
1705
1775
1671
1754
1781
1796
1828
1784
1857
2015
2265
2266
2302
2012
1927
1742
1657
1485
1373
1193
1116
1104
1092
1037
1065
1041
919
842
893
1022
1584
2344
3368
3970
3992
3246
2238
1237
668
402
331
321
512
812
1373
2178
2777
3210
2981
2440
1668
913
490
297
163
147
144
140
155
136
131
135
139
135
138
122
161
155
193
173
177
190
191
149
121
138
116
117
99
85
95
83
87
85
85
83
76
91
87
95
93
79
84
74
77
80
79
89
78
72
73
83
75
61
74
74
65
65
72
72
68
98
95
92
128
91
104
113
110
78
90
88
69
80
75
81
77
91
83
86
76
86
64
67
66
49
49
48
44
32
34
28
27
30
25
25
26
31
35
32
39
53
77
102
103
121
141
113
139
100
96
88
53
28
29
27
29
20
16
21
11
14
7
15
8
12
16
7
9
10
7
9
2
5
22
9
8
14
4
11
5
3
6
267
