0
0
0
0
0
0
0
0
1403
4762
3159
2833
2899
2893
2965
2953
3133
3464
3848
4438
5526
5636
4398
3472
3262
3188
3050
3005
3174
3239
3028
2618
2325
2168
2184
2226
2118
2031
2062
2076
2052
2062
2003
1983
2077
2032
1882
1789
1885
2173
2473
2529
2272
1953
1838
1959
2212
2477
2551
2311
1991
1743
1710
1706
1723
1615
1686
1616
1647
1697
1641
1684
1718
1737
1752
1748
1807
1958
2124
2197
2156
2004
1849
1716
1592
1458
1325
1182
1094
1069
1054
1013
1024
1007
900
821
857
976
1475
2193
3107
3713
3777
3206
2298
1396
772
458
341
344
479
774
1266
1929
2549
2933
2889
2444
1775
1071
581
334
192
147
141
137
145
136
128
128
132
133
132
123
141
153
170
176
169
177
181
162
131
122
123
112
104
90
85
86
81
84
82
82
78
80
86
87
89
84
80
76
74
74
76
80
81
74
70
73
76
68
63
70
70
62
63
69
69
70
94
91
93
116
91
100
107
101
82
84
82
72
73
74
75
78
82
83
81
78
76
68
63
62
52
47
47
43
34
31
29
27
27
26
25
24
28
31
32
34
45
63
87
97
108
126
123
121
117
95
89
72
42
27
28
26
26
19
15
19
10
12
8
12
8
11
13
8
7
8
7
6
4
6
14
0
