0
0
0
0
0
0
0
0
1403
4708
3135
2899
2837
2858
2886
3066
3224
3408
3821
4482
5563
5636
4378
3463
3262
3142
3027
3026
3191
3302
3081
2596
2267
2250
2199
2101
2120
2021
2090
2089
2082
2018
2008
1990
2052
2034
1957
1832
1906
2181
2455
2486
2205
1910
1816
1947
2272
2552
2609
2330
1966
1694
1632
1671
1680
1678
1623
1688
1636
1649
1699
1675
1655
1704
1746
1795
1862
1997
2125
2195
2133
1992
1822
1695
1621
1506
1350
1186
1127
1053
1035
1033
994
957
884
799
838
986
1546
2248
3160
3763
3763
3142
2242
1332
713
426
320
330
486
838
1378
2016
2640
3012
2922
2442
1707
1009
547
292
188
151
124
154
157
144
140
119
134
128
130
130
142
155
161
174
181
175
156
140
126
114
115
108
87
81
89
91
88
91
87
80
82
91
94
84
76
77
78
80
82
81
74
69
79
72
75
86
77
71
74
75
78
84
74
69
84
80
87
92
92
101
101
90
92
93
88
83
81
77
84
88
75
73
80
77
74
78
73
62
59
60
57
48
39
40
39
30
28
29
25
26
21
26
29
29
39
43
46
63
76
90
108
124
123
121
123
114
83
56
42
34
25
17
14
16
14
10
12
10
15
12
12
9
6
11
11
9
10
8
4
4
6
0
