0
0
1753
5489
2826
3030
2906
2967
2958
3216
3354
3460
4067
4374
6347
6208
3997
3409
3409
3210
3106
3071
3333
3493
3214
2617
2287
2337
2271
2162
2192
2086
2165
2158
2160
2070
2086
2025
2159
2090
2075
1811
1916
2253
2590
2706
2258
1909
1839
1930
2376
2667
2792
2418
2026
1719
1676
1731
1737
1735
1676
1749
1687
1699
1768
1731
1691
1771
1796
1868
1880
2088
2176
2339
2200
2086
1871
1715
1716
1545
1429
1167
1196
1063
1072
1074
1024
992
914
819
867
1018
1604
2320
3320
3973
3979
3255
2292
1264
638
402
304
314
470
838
1458
2123
2847
3278
3049
2551
1640
921
490
254
180
152
118
169
161
146
143
119
144
130
138
134
152
165
167
188
188
180
153
141
126
108
133
100
81
86
100
88
95
92
88
77
92
97
100
78
78
83
79
86
87
81
73
69
93
61
91
90
69
77
79
78
88
85
62
89
81
89
96
93
105
109
93
96
98
92
85
85
79
83
100
77
69
88
80
72
85
81
60
61
64
60
51
35
45
45
26
32
30
23
29
19
29
31
29
43
47
50
70
83
98
119
134
124
125
130
111
71
47
40
31
20
15
17
17
10
14
9
16
13
13
11
6
12
12
10
12
9
4
6
7
11
3
9
10
7
6
5
7
221
