0
0
1817
5572
2840
3000
2977
3072
3081
3063
3272
3550
4023
4382
6344
6354
3874
3294
3284
3233
3061
3080
3318
3430
3066
2615
2337
2312
2238
2163
2246
2088
2078
2138
2162
2081
2037
2077
2156
2137
1985
1809
1968
2193
2567
2655
2358
1921
1859
1936
2324
2591
2708
2386
1959
1849
1661
1788
1831
1678
1716
1684
1733
1692
1769
1709
1735
1718
1879
1876
2051
2086
2232
2261
2259
2075
1900
1806
1650
1639
1296
1250
1106
1121
1125
1059
1057
993
859
830
834
1097
1534
2429
3399
4019
3960
3402
2284
1228
639
364
274
325
484
853
1457
2155
2790
3135
3050
2375
1649
960
480
255
198
186
149
142
138
144
172
141
144
138
166
155
150
172
186
176
175
167
150
150
123
117
110
85
89
93
95
91
94
104
82
103
89
91
89
83
78
88
77
81
68
73
70
88
85
80
78
76
86
95
84
52
68
71
75
83
67
71
83
106
106
102
90
106
86
103
66
79
88
70
81
84
83
77
77
60
80
71
66
55
78
56
48
42
43
37
30
35
28
30
35
15
20
32
38
32
43
63
76
90
110
123
119
138
131
100
83
74
66
44
29
15
17
15
21
17
16
14
16
8
10
9
7
14
7
14
9
8
12
9
10
7
8
7
9
10
8
14
11
209
