0
0
0
0
0
0
0
0
1453
4766
3164
2874
2885
2949
2974
2988
3143
3422
3812
4458
5569
5693
4356
3349
3169
3110
3008
3011
3167
3241
2983
2581
2300
2235
2169
2097
2165
2028
2010
2061
2080
2021
1983
2011
2063
2043
1922
1822
1908
2141
2404
2482
2262
1951
1827
1927
2210
2469
2548
2306
1945
1786
1632
1719
1767
1629
1656
1632
1666
1648
1691
1665
1669
1690
1779
1846
1946
2036
2125
2177
2147
2020
1865
1741
1633
1529
1326
1198
1101
1080
1081
1034
1020
967
845
806
804
1032
1443
2244
3138
3746
3786
3303
2376
1407
753
423
301
321
471
794
1310
1940
2532
2907
2898
2435
1757
1098
589
306
206
183
153
140
135
137
157
145
139
136
150
153
146
157
173
174
170
164
153
143
132
116
109
95
83
87
89
90
88
94
91
89
93
87
87
84
79
80
80
77
72
69
68
74
82
81
78
76
75
85
87
73
55
65
68
73
78
64
69
83
101
102
97
90
96
89
89
72
75
80
74
75
79
80
76
71
67
69
71
64
59
64
60
49
42
40
37
31
31
30
28
31
21
17
26
32
33
36
51
66
79
95
112
115
122
129
114
90
77
69
57
38
24
14
16
14
20
16
15
14
13
8
8
9
8
11
8
11
10
8
9
10
8
0
