0
0
1867
5477
2815
3064
2920
2989
3060
3219
3216
3597
3979
4432
6354
6313
4044
3402
3383
3211
3143
3123
3282
3384
3170
2480
2259
2251
2190
2194
2229
2074
2035
2134
2151
2067
2028
2014
2249
2049
2006
1839
2097
2199
2540
2589
2371
1917
1836
2002
2281
2597
2742
2423
2036
1776
1795
1767
1745
1711
1722
1723
1761
1752
1716
1715
1729
1709
1732
1828
1890
2042
2157
2312
2254
1981
1778
1823
1661
1487
1365
1209
1124
1069
1109
1031
1046
923
948
807
860
1070
1490
2436
3389
4122
4021
3303
2256
1267
718
392
299
349
473
860
1433
2176
2902
3229
3131
2397
1555
894
486
274
185
151
139
138
142
159
143
159
139
121
146
139
143
184
200
190
202
181
171
146
110
118
104
121
115
96
104
88
91
96
73
96
88
93
94
101
81
91
88
95
92
80
73
81
68
90
71
71
72
74
80
68
71
67
65
51
68
103
101
94
115
107
106
96
112
88
88
86
77
75
103
71
71
91
69
81
74
69
59
65
67
54
56
49
46
44
35
28
21
22
40
31
23
24
21
45
43
63
75
81
111
119
116
129
148
130
107
90
49
48
22
20
25
10
14
18
14
16
9
7
5
9
13
6
9
10
11
10
13
10
18
7
6
3
7
7
7
6
4
247
