0
0
0
0
0
0
0
0
1495
4718
3125
2927
2855
2883
2960
3078
3162
3439
3822
4497
5613
5697
4424
3467
3248
3142
3057
3057
3157
3220
3010
2492
2219
2175
2126
2124
2154
2012
1975
2058
2073
2007
1967
1989
2101
2013
1916
1872
1998
2187
2395
2443
2233
1936
1834
1969
2226
2488
2564
2322
1979
1751
1732
1711
1688
1657
1667
1668
1703
1694
1665
1662
1669
1661
1692
1766
1853
1974
2102
2191
2125
1924
1776
1714
1598
1445
1309
1181
1092
1051
1053
1011
994
908
902
792
839
1042
1463
2370
3270
3909
3816
3151
2194
1310
742
430
320
351
509
862
1405
2075
2694
3022
2906
2338
1588
952
531
299
194
152
137
134
137
150
141
150
137
120
136
136
138
169
188
186
190
180
166
146
120
110
108
109
112
101
94
91
86
89
82
82
88
87
90
94
85
83
87
89
91
82
74
75
71
78
75
69
68
69
73
72
67
67
64
58
56
79
99
96
97
109
103
100
97
101
85
85
82
75
81
88
71
74
79
72
74
71
64
60
61
61
56
52
48
45
41
34
27
22
23
33
31
24
22
23
39
42
57
69
76
102
113
114
120
137
130
110
91
60
46
31
20
21
17
10
14
16
13
12
8
6
5
8
10
5
8
9
10
9
11
12
13
0
