0
0
0
0
0
0
0
0
1490
4781
3182
2887
2906
2902
2899
3023
3183
3363
3788
4496
5555
5675
4415
3399
3150
3058
2996
2966
3126
3249
3023
2593
2298
2226
2132
2182
2078
2007
2007
2095
2071
1993
2003
2036
2063
2052
1901
1852
1941
2177
2443
2497
2248
1914
1811
1962
2287
2571
2594
2312
1936
1650
1661
1738
1732
1653
1688
1634
1703
1686
1654
1595
1684
1759
1760
1791
1864
1978
2106
2146
2094
1949
1792
1707
1596
1439
1316
1193
1119
1075
1061
989
989
965
866
791
833
1015
1505
2211
3163
3816
3886
3301
2339
1385
756
451
339
347
482
795
1308
1947
2580
3012
2965
2459
1763
1071
581
315
200
140
135
146
147
146
139
132
120
119
117
127
144
173
192
202
203
193
164
132
123
116
105
102
101
93
89
90
86
79
83
84
82
74
67
74
78
69
70
74
83
80
71
71
73
74
81
80
75
78
82
83
74
71
69
73
75
77
86
81
87
88
99
95
93
88
87
79
70
71
80
82
81
82
74
66
64
67
69
71
71
70
67
58
48
39
36
37
36
33
31
26
25
34
29
29
30
43
51
57
79
94
105
114
122
118
99
96
88
62
46
36
25
19
18
13
13
16
17
11
10
8
6
4
10
6
6
5
4
8
10
11
9
0
