0
0
1863
5580
2859
3012
3004
3002
2978
3153
3329
3415
4020
4474
6280
6302
4019
3312
3280
3110
3132
2974
3285
3442
3126
2619
2332
2305
2192
2262
2140
2072
2074
2182
2146
2041
2074
2113
2127
2198
1884
1917
1953
2251
2607
2669
2353
1860
1841
1978
2396
2725
2745
2385
1979
1661
1720
1805
1792
1707
1750
1681
1774
1740
1720
1611
1757
1845
1805
1847
1930
2024
2245
2208
2213
2000
1804
1787
1656
1453
1369
1205
1153
1102
1108
1006
1027
996
885
811
869
1069
1609
2350
3428
4081
4107
3359
2270
1216
660
395
329
335
499
831
1449
2138
2830
3305
3079
2423
1664
922
492
268
187
132
144
155
151
152
139
135
120
127
117
140
154
195
202
216
208
199
147
127
130
112
105
110
100
93
94
96
81
84
89
84
85
69
68
86
77
63
83
75
96
72
69
82
72
85
88
74
82
84
90
76
75
71
76
78
79
89
84
90
88
104
98
99
90
93
82
70
71
87
84
82
90
74
65
68
71
72
77
70
77
67
58
47
37
39
38
39
33
35
24
28
41
24
34
29
54
54
65
94
105
114
123
133
108
97
106
73
50
44
27
20
20
14
14
17
19
12
11
8
9
2
14
5
8
5
6
9
12
12
10
6
7
8
6
9
6
6
6
243
