0
0
0
0
0
0
0
0
1463
4807
3151
2918
2881
2828
2881
2938
3131
3446
3855
4570
5647
5616
4324
3409
3205
3139
3058
3063
3194
3302
3014
2537
2279
2216
2216
2178
2205
2039
2042
2131
2187
2095
1979
2023
2066
2031
1916
1826
1915
2149
2367
2429
2223
1916
1801
1933
2260
2575
2596
2259
1947
1697
1664
1702
1699
1630
1665
1671
1635
1635
1627
1642
1652
1712
1783
1829
1884
2017
2149
2214
2136
1936
1788
1693
1595
1457
1319
1179
1096
1078
1112
1046
986
913
895
863
795
951
1488
2270
3196
3751
3842
3200
2249
1330
746
447
340
339
472
827
1390
2028
2631
2969
2835
2318
1628
999
566
324
202
162
152
138
126
127
135
141
131
136
117
132
154
165
178
181
197
175
155
151
137
125
118
106
87
86
88
80
88
95
92
89
93
89
85
94
93
90
83
75
72
78
84
79
74
72
69
69
70
70
69
75
77
66
57
63
69
78
83
103
97
107
98
86
105
97
85
76
90
81
73
67
72
79
72
71
74
74
72
73
71
68
59
50
40
35
33
33
32
28
28
25
17
23
29
30
31
43
47
65
79
91
104
124
136
138
119
94
76
63
49
36
28
21
21
23
11
12
9
10
5
7
15
9
11
6
10
9
8
7
8
9
10
0
