0
0
1828
5599
2814
3056
2961
2906
2999
3015
3256
3587
4026
4532
6456
6123
3940
3377
3291
3265
3112
3150
3298
3531
3109
2549
2323
2285
2294
2246
2282
2101
2109
2207
2279
2168
2006
2102
2151
2118
1982
1828
1937
2239
2472
2604
2348
1887
1822
1932
2334
2728
2782
2306
2018
1718
1716
1763
1759
1683
1722
1730
1687
1692
1678
1701
1694
1769
1848
1899
1910
2092
2238
2311
2291
1928
1867
1726
1686
1481
1380
1192
1126
1094
1180
1071
1021
935
925
891
819
985
1551
2365
3383
3946
4090
3295
2271
1224
699
394
342
316
457
818
1518
2132
2871
3215
2965
2353
1565
915
504
296
184
163
156
140
128
134
143
148
133
144
114
145
166
174
189
184
222
155
167
151
137
123
128
99
80
102
82
83
100
97
93
94
100
86
92
103
93
91
80
73
75
88
90
74
78
71
72
75
73
71
77
83
76
56
65
69
82
77
110
98
111
108
83
111
102
94
71
99
84
76
69
67
93
68
74
80
77
73
80
69
78
56
54
39
35
35
36
34
27
32
24
16
27
32
30
35
49
51
75
86
99
113
137
145
143
112
88
71
60
43
32
24
18
31
12
14
9
13
6
5
17
10
13
6
12
9
9
7
10
10
10
14
6
7
8
9
8
6
6
253
