0
0
0
0
0
0
0
0
1492
4813
3142
2882
2861
2901
2943
2990
3116
3381
3833
4490
5504
5566
4355
3466
3285
3153
3018
3018
3132
3205
2972
2551
2250
2169
2131
2121
2119
2067
2031
2112
2084
2046
1990
2021
2097
2033
1891
1870
1980
2231
2456
2470
2256
1942
1840
2025
2330
2591
2604
2300
1930
1700
1724
1739
1699
1747
1648
1559
1661
1601
1648
1681
1707
1774
1772
1828
1923
2053
2188
2244
2139
1937
1761
1652
1565
1439
1287
1162
1118
1086
1039
1015
989
969
927
847
888
1034
1509
2354
3206
3737
3783
3143
2153
1279
708
402
319
366
518
863
1404
2045
2659
3014
2873
2290
1591
961
519
295
189
154
140
137
153
145
146
140
132
122
142
138
148
151
157
191
190
165
162
147
123
111
109
102
99
102
96
93
92
82
76
78
84
84
83
85
79
80
86
94
83
75
69
67
75
78
72
67
66
73
72
62
59
62
69
68
63
76
88
95
99
96
110
112
93
81
82
82
77
69
70
75
74
68
79
87
83
73
66
65
64
62
56
46
43
49
53
43
30
26
27
26
29
33
29
29
35
49
59
60
67
87
125
123
125
125
103
97
85
64
51
37
26
22
17
12
12
15
13
9
13
11
7
11
10
9
10
8
8
11
10
5
4
0
