0
0
1862
5595
2813
3008
2940
3009
3044
3082
3222
3468
4061
4422
6201
6153
4009
3388
3463
3218
3074
3097
3241
3397
3085
2589
2282
2237
2197
2190
2188
2134
2093
2191
2150
2118
2039
2072
2200
2134
1903
1918
1990
2285
2626
2576
2430
1917
1820
2055
2393
2722
2783
2399
1989
1712
1785
1805
1745
1812
1707
1603
1725
1643
1702
1740
1745
1856
1807
1881
1970
2108
2266
2366
2259
1994
1814
1692
1645
1496
1342
1169
1159
1130
1067
1050
1021
1003
966
866
910
1050
1530
2401
3315
3896
4009
3322
2221
1267
691
361
306
366
483
834
1444
2111
2828
3258
3101
2329
1614
914
469
281
176
157
142
140
164
147
152
143
135
124
151
141
156
157
162
212
196
159
176
147
119
111
119
96
107
106
95
99
97
75
85
74
99
79
91
86
79
86
92
102
77
76
68
70
84
80
71
68
70
81
68
58
63
68
78
61
73
88
95
108
94
110
124
103
84
85
85
83
72
71
77
83
65
80
93
87
80
65
70
66
64
64
44
44
49
63
45
30
24
32
24
32
37
28
32
37
54
62
61
72
93
136
125
132
128
101
102
82
60
50
34
22
24
13
12
16
18
8
14
16
6
12
11
10
11
9
9
12
12
7
3
10
6
7
5
9
12
6
5
248
