0
0
0
0
0
0
0
0
1533
4902
3213
2971
2923
2958
2948
3047
3143
3430
3861
4498
5537
5621
4381
3431
3226
3143
3044
3016
3173
3286
3059
2556
2307
2195
2136
2107
2092
2044
2044
2093
2055
2039
2012
2107
2135
2046
1943
1875
1937
2176
2424
2464
2228
1941
1833
1977
2277
2520
2556
2306
1870
1686
1643
1716
1670
1667
1665
1603
1613
1586
1581
1674
1652
1734
1776
1794
1881
2019
2146
2184
2103
1956
1808
1699
1593
1438
1296
1203
1107
1065
1045
1028
1020
986
877
863
847
1035
1457
2313
3176
3723
3769
3173
2257
1328
723
429
323
346
503
829
1365
2026
2608
2924
2817
2297
1595
969
542
306
191
146
134
139
152
149
154
149
139
139
145
148
159
168
164
172
177
174
159
144
132
118
110
108
103
96
87
81
84
95
94
89
84
74
78
82
81
75
87
88
90
75
75
70
78
81
81
68
64
79
78
64
65
71
75
77
77
74
79
80
92
104
99
98
94
87
84
72
82
86
81
74
72
76
86
82
71
73
78
74
67
57
50
47
42
39
33
30
31
30
25
26
26
33
30
39
34
38
45
69
68
91
112
137
148
132
117
106
78
57
47
37
30
22
15
14
14
12
16
10
10
13
10
5
10
8
10
8
6
6
7
10
11
0
