0
0
1915
5698
2883
3106
2997
3076
3017
3189
3206
3565
4073
4428
6249
6229
4026
3346
3366
3224
3142
3039
3318
3472
3203
2547
2368
2257
2202
2175
2160
2110
2110
2171
2117
2113
2048
2198
2236
2109
2005
1911
1932
2250
2546
2663
2302
1963
1819
1994
2364
2647
2701
2449
1876
1733
1679
1787
1723
1722
1722
1654
1670
1639
1611
1761
1672
1805
1845
1830
1927
2080
2235
2299
2188
2030
1855
1749
1677
1484
1316
1262
1121
1101
1079
1059
1057
1030
896
892
869
1068
1491
2391
3321
3906
3992
3307
2325
1263
669
399
306
330
497
814
1405
2169
2788
3151
2995
2352
1555
905
489
281
178
144
137
145
161
152
162
152
142
146
153
153
169
176
167
183
183
181
157
146
133
114
112
111
105
97
88
78
93
106
89
98
79
74
86
83
86
73
102
85
100
65
84
65
92
80
87
58
72
94
66
67
72
78
80
82
76
82
80
90
108
103
102
100
90
94
70
85
90
87
75
74
72
93
90
70
70
89
74
74
58
48
54
38
46
32
30
34
31
23
29
24
39
28
44
34
42
49
77
69
102
122
148
156
128
118
106
67
53
45
34
27
18
13
19
8
20
11
10
14
13
4
11
9
11
9
7
8
8
10
16
3
5
14
5
11
6
6
3
240
