0
0
0
0
0
0
0
0
1494
4774
3240
3000
2898
2916
2934
3068
3166
3418
3894
4488
5497
5609
4354
3394
3212
3094
2968
3001
3152
3224
3015
2542
2328
2232
2130
2168
2110
2132
2053
2106
2108
2075
2003
2031
2094
1993
1865
1834
1965
2181
2393
2456
2249
1938
1828
1968
2278
2571
2620
2297
1924
1710
1720
1726
1711
1589
1577
1587
1613
1658
1640
1673
1694
1738
1744
1787
1901
2011
2110
2161
2123
1991
1816
1672
1597
1508
1341
1183
1092
1032
1033
1052
999
941
893
808
810
1000
1506
2205
3162
3748
3819
3265
2299
1379
757
450
321
320
463
784
1307
1973
2629
3033
2923
2344
1692
1068
585
326
197
157
144
142
147
142
123
136
130
146
136
129
128
161
184
181
173
170
155
136
131
132
120
100
92
86
82
86
82
82
87
84
83
99
97
90
87
72
72
85
82
73
74
76
80
78
74
73
67
68
78
74
70
74
63
57
66
64
83
80
91
98
108
84
92
91
92
81
73
81
74
70
69
66
64
71
81
87
82
76
68
58
52
47
44
35
35
37
36
31
27
23
26
28
28
28
34
40
56
62
77
98
99
103
124
132
117
100
90
66
39
30
24
25
17
20
15
9
13
7
9
11
14
18
5
8
10
7
9
9
9
10
8
0
