0
0
1866
5568
2933
3136
2961
3032
3009
3223
3248
3503
4196
4364
6233
6222
3970
3288
3400
3154
3023
3079
3297
3389
3154
2530
2393
2303
2188
2248
2177
2206
2113
2185
2181
2153
2049
2085
2225
2049
1911
1835
2033
2248
2515
2625
2370
1903
1847
1982
2368
2709
2802
2368
1960
1735
1784
1787
1773
1641
1630
1641
1667
1724
1685
1739
1738
1816
1795
1820
1986
2069
2206
2250
2229
2058
1873
1689
1660
1584
1373
1198
1127
1050
1067
1101
1028
969
921
831
840
1045
1587
2312
3386
3968
4037
3380
2260
1275
663
420
293
306
466
804
1399
2140
2868
3310
3078
2270
1669
956
502
292
176
159
146
149
156
143
122
147
131
158
134
135
130
185
195
183
175
182
147
136
137
142
111
97
97
80
92
86
82
89
92
82
91
113
90
97
84
65
83
95
77
72
83
78
89
73
80
71
65
82
80
68
80
69
56
71
60
86
81
95
98
119
85
97
94
99
87
68
91
73
72
72
72
60
79
80
100
80
80
72
57
54
47
49
31
39
38
37
31
27
23
29
29
27
31
39
44
66
66
88
111
97
115
140
135
110
98
92
43
38
23
30
18
21
18
9
16
8
10
12
12
24
4
10
13
7
11
9
11
12
7
7
11
4
10
7
5
4
4
209
