0
0
0
0
0
0
0
0
1440
4885
3236
2829
2904
2939
2938
3061
3192
3372
3787
4483
5595
5655
4402
3449
3206
3136
3008
2959
3132
3272
3053
2541
2307
2124
2200
2169
2092
2026
2038
2085
2133
2072
1962
1928
2004
1986
1881
1835
1933
2139
2372
2473
2306
1968
1829
1951
2231
2545
2584
2363
1903
1663
1667
1693
1687
1648
1651
1685
1658
1615
1666
1670
1693
1736
1740
1778
1844
1971
2138
2219
2191
2024
1808
1651
1585
1477
1337
1220
1128
1112
1063
1099
1028
917
896
826
821
978
1438
2114
3058
3666
3820
3321
2426
1538
856
475
332
341
466
729
1181
1837
2557
3014
2978
2496
1766
1098
606
332
216
154
140
152
141
147
140
130
115
122
128
152
168
165
175
168
160
161
144
147
131
124
116
98
109
95
87
90
88
83
76
83
76
70
70
72
75
80
82
80
80
78
77
79
74
62
59
72
69
60
65
62
59
54
67
80
80
78
88
94
85
101
106
107
98
85
70
67
70
68
72
76
80
86
86
77
78
84
76
63
61
62
54
49
41
41
40
31
28
28
28
28
28
28
28
28
28
41
54
65
77
92
111
122
127
116
105
106
79
61
60
36
23
19
18
13
5
10
11
11
12
13
9
8
9
7
8
10
10
7
9
7
7
0
