0
0
1810
5745
2887
2938
3025
3050
3017
3207
3323
3437
4052
4385
6523
6083
4059
3374
3303
3274
3066
3001
3292
3469
3168
2519
2378
2165
2291
2240
2158
2092
2112
2164
2227
2144
2006
1964
2124
2066
1922
1851
2006
2207
2533
2616
2453
1891
1863
2001
2324
2729
2697
2459
1895
1692
1730
1756
1745
1702
1711
1752
1713
1653
1749
1718
1752
1825
1773
1864
1891
2039
2291
2288
2338
2037
1850
1643
1676
1496
1363
1241
1144
1160
1084
1150
1045
928
926
839
852
1050
1594
2318
3444
3928
4075
3281
2270
1335
682
396
297
362
495
822
1336
2131
2922
3275
3038
2389
1551
930
473
272
193
140
145
167
135
162
134
133
111
139
129
184
164
180
185
158
182
145
161
141
127
137
93
119
106
87
98
87
98
71
89
84
70
76
70
81
78
91
79
86
82
77
84
81
64
56
78
74
60
70
64
61
55
70
83
84
79
94
100
83
110
109
114
100
89
65
73
73
68
78
81
81
97
88
72
86
93
71
62
67
64
51
50
37
48
38
29
30
29
29
30
31
26
34
23
38
51
65
77
87
115
125
136
124
107
116
85
64
66
40
24
20
18
14
5
12
12
12
14
13
8
11
9
7
11
12
8
10
8
7
11
7
11
10
4
7
6
3
5
242
