0
0
0
0
0
0
0
0
1488
4915
3225
2936
2864
2962
2959
3030
3110
3366
3813
4500
5555
5548
4326
3496
3317
3174
3002
2981
3115
3215
2935
2588
2329
2161
2150
2179
2143
2035
2055
2075
2059
2005
2013
2079
2068
2011
1916
1867
1982
2241
2480
2495
2273
1971
1856
1987
2240
2525
2607
2282
1932
1761
1691
1682
1686
1630
1566
1610
1643
1683
1629
1650
1689
1717
1717
1765
1844
1963
2143
2228
2135
1915
1733
1683
1608
1459
1348
1191
1092
1072
1040
1073
1001
980
888
826
842
1031
1503
2210
3076
3708
3736
3223
2286
1385
783
426
298
338
500
805
1301
1958
2629
3067
2978
2423
1702
1071
608
325
206
164
139
122
131
135
130
138
137
134
137
130
149
164
176
182
177
159
148
141
130
122
111
105
96
95
104
99
85
75
83
82
82
86
73
68
71
82
86
76
64
64
72
69
67
75
80
74
69
70
67
58
57
73
68
70
64
70
86
75
94
109
107
126
105
94
83
77
74
77
71
69
76
77
74
74
83
82
71
66
65
58
46
46
49
45
36
35
32
29
25
30
23
26
25
28
31
37
56
63
69
87
97
113
117
117
119
108
85
60
37
29
24
20
17
14
11
8
10
8
13
9
11
8
6
6
10
7
7
9
6
8
6
0
