0
0
1860
5745
2879
3067
2929
3105
3030
3166
3182
3482
4040
4424
6398
6007
3967
3469
3465
3271
3036
3061
3228
3441
2988
2642
2384
2212
2224
2256
2213
2098
2128
2149
2132
2061
2069
2177
2138
2089
1974
1874
2026
2302
2672
2610
2408
1942
1862
2038
2304
2653
2805
2340
1962
1809
1741
1738
1747
1685
1617
1668
1698
1756
1669
1707
1747
1790
1756
1821
1917
1979
2278
2337
2254
1960
1721
1767
1696
1456
1433
1195
1111
1120
1054
1132
1021
1017
910
849
874
1079
1585
2332
3278
3959
3919
3349
2233
1269
728
340
285
331
521
822
1394
2129
2864
3377
3097
2413
1597
984
527
275
194
163
138
123
140
142
132
147
139
137
146
130
167
173
189
190
181
154
157
135
138
117
112
106
90
108
107
100
76
80
94
77
95
84
67
74
76
96
85
71
60
74
80
64
76
83
85
67
76
71
64
49
77
71
74
67
68
92
74
94
114
106
136
110
99
86
80
73
85
72
66
85
77
82
66
98
85
72
65
74
61
40
52
51
46
34
40
30
32
23
35
21
30
24
31
35
41
67
67
76
100
104
127
119
122
127
96
80
43
33
26
21
19
15
12
9
11
8
14
10
13
8
6
4
13
7
6
13
4
11
5
8
6
2
10
8
5
3
7
245
