0
0
0
0
0
0
0
0
1411
4845
3278
2966
2991
2934
2920
3031
3171
3389
3805
4475
5486
5580
4345
3387
3174
3108
3030
2984
3107
3245
3034
2587
2319
2245
2169
2175
2173
2089
1998
2090
2064
2042
1971
2008
2083
2064
1962
1929
1995
2194
2422
2492
2294
1961
1860
2015
2266
2558
2608
2345
1972
1717
1648
1740
1702
1672
1563
1602
1618
1649
1637
1644
1699
1755
1743
1781
1855
1970
2120
2209
2147
1938
1738
1633
1581
1463
1314
1149
1058
1035
1056
973
1003
929
913
827
812
965
1464
2269
3076
3695
3826
3317
2345
1421
790
453
332
335
472
771
1269
1931
2567
2959
2934
2458
1742
1052
572
307
197
148
140
150
154
143
126
130
129
132
127
131
144
158
175
187
188
175
169
158
134
119
103
108
94
90
94
83
80
89
89
81
70
75
82
85
81
72
74
76
75
78
77
75
80
78
70
68
72
67
68
63
72
75
65
77
63
75
88
87
97
91
86
96
102
94
86
81
80
74
70
69
70
72
74
77
76
71
71
72
75
61
46
39
42
40
41
40
37
29
26
24
23
26
28
34
36
43
56
63
74
89
108
125
126
117
116
105
88
71
41
30
32
27
20
17
13
9
15
15
12
9
11
14
11
8
6
7
9
6
7
8
10
0
