0
0
1773
5680
2949
3094
3099
3018
3005
3164
3292
3483
4024
4471
6208
6182
3913
3354
3266
3218
3126
3029
3235
3451
3138
2600
2365
2321
2235
2254
2247
2155
2054
2183
2126
2126
2006
2078
2186
2163
1980
1999
2013
2287
2564
2650
2424
1895
1880
2094
2330
2729
2749
2418
1999
1747
1694
1811
1757
1727
1608
1665
1673
1716
1687
1695
1760
1850
1770
1856
1913
2033
2234
2321
2273
1946
1771
1653
1675
1484
1359
1145
1082
1063
1110
984
1049
947
943
842
839
1025
1591
2490
3331
3982
4042
3375
2177
1260
656
387
320
315
521
816
1435
2179
2859
3201
3050
2385
1586
886
472
254
183
140
147
161
162
142
123
141
129
143
124
144
153
172
190
200
190
171
185
141
141
100
119
103
89
101
94
77
93
91
97
69
76
83
91
84
81
66
88
71
83
84
72
85
84
73
66
80
67
74
63
75
80
67
81
66
77
92
88
104
95
86
101
110
97
88
82
85
73
72
71
73
77
73
87
73
77
70
77
84
53
45
38
47
39
46
38
39
26
27
23
22
33
30
42
36
53
66
69
86
104
125
140
120
123
115
94
85
45
32
34
28
21
18
14
8
17
15
12
9
12
17
11
7
6
10
12
3
12
6
16
9
8
7
9
14
4
13
6
219
