0
0
1764
5727
2880
3041
3013
3090
3072
3141
3290
3606
4011
4482
6191
6334
4090
3475
3375
3159
3109
3055
3342
3477
3069
2681
2329
2295
2237
2195
2194
2088
2084
2184
2033
2062
2067
2108
2205
2104
1954
1779
1968
2200
2584
2599
2342
1909
1868
1945
2331
2745
2803
2368
1865
1656
1757
1810
1784
1640
1681
1671
1654
1705
1664
1780
1755
1751
1806
1919
1878
2067
2193
2354
2253
2007
1894
1686
1614
1564
1359
1215
1125
1167
1130
1124
1061
956
900
857
833
1015
1569
2299
3349
3927
3969
3320
2197
1268
702
403
311
347
465
821
1361
2187
2824
3252
3009
2464
1593
939
484
265
183
169
138
145
154
146
136
122
149
145
149
125
152
170
181
216
163
150
157
158
125
117
114
110
98
106
87
101
93
100
91
85
83
82
94
70
84
89
80
79
72
81
80
81
76
76
98
81
73
74
84
64
76
68
62
83
70
78
99
104
113
95
98
96
92
96
64
73
76
81
72
71
68
68
83
86
76
67
61
65
57
64
67
55
46
47
32
32
22
21
34
19
24
31
30
34
47
58
65
93
91
107
135
114
122
140
95
82
60
46
39
17
16
19
13
11
15
8
13
10
10
17
6
7
12
8
8
15
15
6
7
7
9
8
6
9
7
10
6
234
