0
0
0
0
0
0
0
0
1413
4905
3216
2920
2926
2975
2985
3041
3189
3470
3852
4509
5553
5665
4457
3513
3253
3107
3014
3024
3194
3271
2992
2615
2303
2222
2169
2128
2124
2023
2022
2098
1984
1994
2006
2050
2102
2027
1884
1800
1920
2174
2422
2449
2214
1931
1836
1963
2283
2598
2611
2256
1833
1644
1700
1746
1714
1593
1628
1618
1605
1645
1629
1710
1702
1706
1764
1832
1870
1998
2140
2222
2136
1963
1801
1656
1565
1471
1319
1182
1114
1115
1099
1079
1018
928
871
831
820
1009
1551
2277
3244
3767
3756
3125
2125
1270
719
427
328
353
503
838
1384
2071
2681
2991
2851
2326
1609
968
528
289
192
162
140
139
147
143
133
120
141
142
142
123
142
160
174
197
169
150
149
148
130
116
111
106
100
97
93
91
94
92
91
85
81
80
84
76
76
84
80
77
72
75
77
78
75
74
86
84
74
71
76
71
68
69
63
68
75
71
83
96
102
103
92
94
92
89
82
63
70
74
75
70
68
66
70
79
80
72
64
61
60
58
60
61
53
46
41
33
29
23
23
27
22
22
28
30
32
44
54
62
87
90
101
126
114
115
131
101
83
63
49
39
24
16
16
15
11
11
11
9
11
9
11
11
5
8
10
7
9
14
11
5
6
0
