0
0
0
0
0
0
0
0
1431
4911
3216
2894
2941
2891
2934
3034
3195
3432
3789
4425
5564
5751
4490
3481
3253
3151
3003
2928
3087
3288
3114
2591
2281
2203
2124
2198
2152
1964
2060
2081
2081
1937
1934
2011
2039
2046
1938
1835
1916
2148
2425
2486
2214
1893
1767
1936
2267
2569
2539
2295
1961
1674
1660
1681
1709
1584
1691
1679
1706
1650
1569
1611
1661
1730
1794
1850
1910
1979
2097
2159
2115
1967
1771
1645
1585
1486
1387
1246
1142
1088
1071
1021
1044
922
871
810
822
963
1381
2134
2964
3691
3853
3292
2391
1509
845
479
329
318
435
714
1175
1834
2550
2986
2980
2521
1805
1141
641
356
235
179
144
137
135
139
136
122
117
122
128
142
148
157
181
183
181
173
147
153
136
135
120
110
91
88
92
93
94
92
79
73
76
77
76
75
79
80
73
69
74
71
69
71
66
71
73
60
71
73
84
80
64
82
62
73
72
78
83
84
91
99
105
110
111
105
94
75
61
66
77
78
74
77
77
73
71
68
71
73
66
66
60
56
43
39
40
36
32
31
27
21
19
21
26
27
35
43
49
66
84
97
111
109
132
136
115
88
85
61
53
37
37
25
23
20
18
12
15
11
8
10
10
7
6
7
8
10
13
11
8
4
6
0
