0
0
1799
5781
2842
3030
3053
2971
3050
3151
3332
3555
4009
4338
6430
6326
4072
3403
3387
3253
3080
2958
3229
3503
3236
2578
2322
2278
2191
2287
2222
2012
2153
2155
2178
1956
2001
2112
2098
2169
1985
1822
1994
2204
2627
2673
2228
1898
1739
2023
2378
2765
2631
2356
1987
1692
1724
1744
1774
1624
1772
1731
1781
1702
1589
1691
1714
1811
1867
1920
2005
2006
2261
2219
2239
1993
1789
1667
1660
1501
1438
1248
1166
1116
1107
1044
1091
921
894
823
861
1036
1536
2418
3284
4083
4056
3204
2209
1270
672
402
291
332
464
846
1338
2182
2917
3230
3045
2383
1579
951
490
287
209
168
135
144
136
150
135
118
123
133
136
161
146
185
193
183
201
144
171
139
149
125
124
97
91
97
98
96
102
86
71
80
79
81
76
82
86
79
66
81
76
65
81
65
73
83
57
76
73
89
83
65
85
64
77
74
83
87
85
97
106
110
117
114
108
98
70
58
74
87
77
77
83
78
71
81
60
87
68
70
67
59
56
36
46
39
35
32
33
22
19
20
28
28
33
46
45
61
89
93
121
104
136
146
125
92
92
64
56
39
41
24
23
20
20
10
19
9
8
14
8
7
8
9
9
15
12
14
5
7
5
5
4
8
9
9
10
8
7
247
