0
0
1733
5614
2880
2996
2952
2899
3016
3140
3230
3569
3934
4392
6160
6205
4116
3422
3276
3236
3056
3027
3207
3555
3070
2562
2346
2236
2201
2228
2201
2095
2102
2112
2171
2169
1943
2011
2088
2182
1967
1894
1946
2343
2560
2713
2363
1961
1908
1904
2349
2660
2678
2352
1988
1698
1758
1776
1803
1696
1713
1675
1677
1716
1777
1693
1753
1693
1844
1904
2005
2152
2244
2323
2178
2010
1808
1768
1653
1556
1354
1235
1211
1130
1128
1097
1093
959
912
856
895
1061
1547
2342
3329
4032
4024
3386
2196
1303
712
397
313
344
485
822
1360
2189
2951
3256
3115
2430
1681
900
498
284
190
141
148
140
148
142
147
147
135
132
115
154
157
191
189
179
169
156
169
148
140
105
107
117
96
88
87
76
99
73
105
81
84
80
95
81
66
73
85
75
77
104
74
74
62
84
80
60
82
59
70
79
60
60
71
74
90
74
89
107
112
104
93
116
96
97
76
85
83
64
78
85
68
85
75
70
73
69
52
73
60
63
62
51
42
46
31
43
28
31
19
24
18
27
39
39
44
68
70
77
106
137
143
131
111
121
92
80
66
31
30
11
18
17
11
11
15
11
9
8
10
14
6
6
14
12
6
8
8
7
8
7
7
6
8
5
5
5
8
241
