0
0
0
0
0
0
0
0
1385
4788
3205
2878
2861
2821
2899
3015
3142
3411
3773
4413
5459
5607
4452
3480
3202
3108
2998
2963
3112
3293
3001
2544
2292
2175
2133
2152
2130
2031
2031
2043
2090
2073
1927
1943
2019
2050
1937
1858
1952
2214
2455
2509
2283
1982
1857
1930
2235
2513
2534
2277
1940
1683
1694
1716
1739
1643
1655
1622
1622
1659
1699
1658
1675
1674
1760
1846
1944
2063
2162
2195
2106
1943
1792
1697
1608
1490
1334
1216
1165
1108
1089
1065
1050
941
886
832
861
1013
1461
2200
3102
3762
3826
3280
2298
1409
802
461
333
345
480
779
1280
1974
2658
3033
2964
2465
1761
1056
576
325
205
148
140
138
140
139
140
141
134
129
117
136
149
172
183
176
167
157
155
152
136
117
102
105
103
89
85
80
83
84
86
90
79
79
84
84
72
67
75
77
74
86
85
74
67
69
77
70
67
69
61
69
70
58
59
68
73
84
73
89
103
107
99
94
107
95
88
77
80
77
68
73
77
72
75
74
70
68
64
59
62
62
59
59
51
43
41
34
37
31
28
22
21
19
23
33
36
39
56
65
70
90
118
134
133
118
112
104
84
71
51
29
23
11
17
15
10
10
14
10
8
7
9
11
6
6
11
11
7
6
7
7
6
0
