0
0
1743
5628
2864
2951
3000
3023
3045
3135
3374
3551
4070
4436
6249
6295
3994
3436
3298
3344
3139
3031
3329
3399
3198
2505
2366
2242
2214
2245
2191
2102
2107
2193
2230
2112
2112
2140
2079
2158
1979
1924
1894
2312
2516
2600
2321
1970
1808
1948
2351
2760
2625
2310
1980
1708
1751
1793
1770
1705
1669
1658
1686
1707
1744
1662
1768
1833
1795
1963
1994
1972
2203
2329
2121
2087
1886
1779
1697
1587
1403
1227
1085
1087
1013
1043
1028
1022
971
864
883
1058
1537
2368
3305
3953
3999
3147
2205
1302
645
365
300
337
502
790
1349
2249
2839
3311
2969
2329
1632
941
479
286
190
146
135
126
138
149
149
131
125
115
144
127
176
185
182
224
184
160
166
134
140
125
118
99
94
105
95
90
77
76
88
87
89
94
99
77
99
93
70
94
84
83
64
101
67
75
83
69
81
75
73
66
83
64
84
74
81
86
98
91
80
108
112
117
104
78
86
89
69
86
75
80
89
87
70
67
71
66
70
69
69
51
59
50
45
36
29
32
27
15
34
32
34
30
22
34
42
47
73
72
82
126
134
134
111
103
119
65
53
41
36
20
24
24
17
17
10
9
10
10
8
9
11
7
13
8
15
14
11
11
5
13
3
6
11
6
3
2
3
241
