0
0
0
0
0
0
0
0
1396
4820
3188
2843
2896
2922
2950
3039
3229
3466
3860
4506
5557
5649
4401
3454
3240
3186
3072
3014
3166
3243
3034
2528
2298
2183
2148
2169
2122
2037
2041
2117
2144
2060
2048
2058
2037
2039
1941
1868
1937
2194
2410
2430
2223
1945
1818
1951
2291
2568
2499
2223
1915
1691
1696
1731
1709
1649
1616
1607
1632
1654
1675
1633
1709
1758
1777
1877
1920
1969
2116
2176
2089
1977
1842
1724
1633
1514
1354
1189
1075
1038
997
1002
996
984
934
843
861
1032
1505
2309
3184
3768
3760
3033
2141
1309
700
399
311
351
507
816
1362
2075
2698
3013
2830
2277
1621
996
540
306
199
149
132
124
131
142
144
129
122
113
134
125
160
176
179
203
186
162
155
141
132
126
115
102
93
95
96
89
80
74
79
85
85
88
92
82
87
93
76
83
85
82
69
84
77
70
75
72
72
74
72
68
70
72
69
77
73
79
86
92
86
86
104
108
109
92
77
83
80
71
79
74
79
84
79
69
65
66
65
66
67
62
56
53
49
43
35
30
29
25
21
28
31
31
29
24
30
38
44
66
69
77
114
126
128
113
101
110
79
56
44
36
26
21
23
20
16
14
9
8
9
9
7
8
9
7
11
9
14
13
11
9
7
0
