0
0
0
0
0
0
0
0
1408
4853
3222
2888
2928
2877
2998
3104
3183
3446
3859
4518
5548
5608
4354
3395
3211
3158
3010
3027
3207
3245
3043
2598
2290
2222
2149
2146
2130
2060
2039
2070
2145
2042
2000
2012
2028
2020
1910
1830
1906
2126
2362
2432
2263
1986
1819
1936
2223
2466
2549
2351
1939
1697
1649
1696
1694
1611
1643
1586
1724
1674
1599
1635
1716
1759
1780
1842
1929
2015
2144
2189
2098
1941
1773
1681
1603
1453
1293
1202
1108
1048
1044
1047
1024
959
902
835
780
988
1455
2185
3176
3768
3775
3193
2278
1384
775
468
352
358
484
780
1281
1964
2618
2992
2911
2395
1682
1026
583
328
195
167
144
146
149
128
128
132
136
137
122
123
129
146
174
186
185
178
165
148
135
129
118
107
106
99
92
92
84
90
88
89
90
92
90
83
84
83
77
74
77
73
70
69
72
79
77
76
75
61
63
73
74
77
71
71
75
73
79
93
99
97
90
102
101
92
89
91
85
85
83
79
81
86
81
77
79
75
71
65
61
55
49
47
44
39
42
35
28
31
30
32
30
29
24
26
36
41
46
60
83
89
98
119
129
123
116
105
82
59
41
32
27
23
25
17
11
12
16
8
9
11
6
9
6
9
8
8
12
11
7
7
9
0
