0
0
1760
5688
2888
3006
3036
2943
3139
3229
3258
3586
4055
4487
6287
6183
3972
3319
3317
3330
3006
3110
3383
3386
3179
2616
2324
2300
2213
2220
2201
2126
2107
2138
2247
2089
2059
2086
2094
2129
1958
1847
1936
2200
2494
2599
2348
2035
1776
1976
2322
2583
2694
2470
1959
1729
1696
1759
1753
1665
1702
1627
1804
1732
1635
1684
1789
1826
1829
1895
2021
2040
2266
2306
2162
2033
1770
1748
1676
1500
1298
1255
1128
1072
1083
1085
1061
985
929
858
802
1039
1537
2306
3423
4011
3974
3272
2239
1265
679
429
329
361
476
827
1339
2191
2854
3256
3035
2387
1578
909
512
288
173
174
142
156
153
126
136
139
143
143
119
132
136
159
193
194
192
179
168
141
137
134
112
108
116
86
108
81
95
90
94
90
99
93
95
78
94
79
78
74
86
68
75
68
84
83
74
88
63
62
77
76
82
74
73
78
76
78
97
103
103
91
107
106
96
91
99
85
90
87
79
82
96
79
82
83
76
74
67
62
57
46
54
43
38
49
32
28
35
29
36
28
33
22
29
42
45
51
70
96
92
110
135
134
120
121
95
73
48
35
30
23
28
20
12
12
19
9
10
13
7
11
6
11
8
9
14
12
6
9
9
14
12
6
14
6
2
6
8
221
