0
0
1812
5750
2825
3015
3001
3091
3082
3110
3340
3516
4032
4371
6206
6183
3898
3384
3313
3211
3080
2982
3319
3454
3249
2543
2350
2214
2323
2162
2167
2094
2225
2216
2196
2122
2148
2090
2249
2124
1917
1822
2024
2254
2497
2611
2399
2062
1855
1898
2407
2655
2740
2368
1956
1796
1713
1686
1740
1620
1682
1703
1690
1565
1656
1751
1785
1777
1795
1798
1933
2128
2242
2286
2147
2124
1842
1725
1629
1510
1382
1246
1114
1095
1065
1050
1015
947
893
846
868
1034
1475
2394
3427
4096
4084
3383
2202
1315
702
388
313
312
472
868
1402
2126
2940
3174
3104
2424
1636
873
444
225
189
159
167
115
141
130
134
143
126
140
124
126
158
153
176
213
192
186
175
153
142
130
101
105
96
100
83
90
97
86
68
92
104
75
77
75
76
78
78
87
80
84
67
81
93
71
72
74
82
48
67
78
84
76
72
68
86
70
77
98
120
97
120
106
89
81
92
86
82
71
90
78
86
81
83
67
77
95
73
64
53
49
49
49
40
32
39
41
39
25
22
28
33
30
20
46
54
55
72
74
125
100
119
127
126
110
90
80
59
35
27
28
16
16
18
9
13
17
10
10
10
7
9
6
13
9
11
7
5
9
8
7
7
8
9
5
9
8
5
232
