0
0
0
0
0
0
0
0
1449
4912
3182
2885
2908
2970
2985
3024
3193
3427
3811
4441
5478
5569
4326
3406
3206
3110
2996
2965
3152
3281
3091
2563
2290
2167
2229
2102
2094
2029
2141
2144
2121
2066
2066
2057
2123
2043
1882
1826
1958
2178
2381
2450
2295
2028
1850
1931
2271
2535
2572
2288
1930
1747
1664
1636
1676
1569
1625
1645
1627
1536
1600
1684
1719
1723
1732
1764
1880
2038
2150
2170
2105
1997
1825
1676
1574
1463
1340
1211
1100
1059
1034
1014
982
921
867
822
837
991
1411
2259
3210
3847
3875
3273
2274
1397
785
447
324
330
479
816
1323
1977
2636
2989
2922
2433
1710
1007
522
270
190
160
159
122
130
128
127
135
126
131
124
120
143
149
163
190
194
181
172
156
142
129
111
98
97
93
89
83
89
88
75
77
94
85
73
73
73
73
74
79
80
79
73
72
82
80
70
69
73
65
54
67
76
79
72
68
69
79
69
78
98
111
97
113
100
86
81
87
84
77
74
81
79
80
80
76
71
76
83
74
62
54
49
47
46
40
33
35
38
37
28
22
25
29
30
22
36
48
51
63
69
103
105
107
118
121
114
96
83
67
46
30
26
23
15
15
14
8
12
15
9
9
9
6
7
7
11
9
9
7
5
6
8
0
