0
0
0
0
0
0
0
0
1489
4838
3173
2893
2914
2898
2942
3066
3198
3409
3786
4400
5564
5762
4435
3445
3241
3109
3001
3012
3140
3185
2959
2519
2283
2225
2200
2165
2162
2128
2109
2051
2038
1986
1996
2038
2063
2017
1875
1801
1964
2256
2465
2437
2199
1929
1799
1907
2224
2534
2594
2291
1893
1692
1697
1736
1671
1659
1591
1677
1677
1640
1588
1638
1702
1711
1786
1833
1876
1989
2105
2175
2155
1976
1806
1728
1625
1484
1331
1162
1071
1070
1068
1033
975
994
914
835
816
1009
1424
2141
3096
3739
3788
3206
2270
1376
764
445
331
344
485
790
1295
1967
2630
3017
2941
2406
1723
1083
595
341
192
145
144
146
135
139
130
138
127
127
122
137
154
155
161
174
176
172
171
159
140
117
108
111
100
97
104
100
87
82
81
88
97
98
98
97
85
75
85
89
85
82
81
75
74
75
72
75
76
67
67
73
69
73
69
76
79
72
84
91
93
103
100
112
96
99
96
74
63
75
80
76
69
67
73
75
78
82
80
72
60
55
55
47
40
40
40
36
33
30
28
26
28
22
31
37
38
39
60
68
74
90
100
105
121
132
118
100
87
63
47
36
18
20
17
14
8
14
15
14
7
9
5
13
8
7
8
7
7
7
7
8
7
0
