0
0
1861
5650
2833
3023
3010
2988
3043
3197
3316
3497
4032
4251
6352
6474
3941
3414
3380
3175
3075
3079
3290
3344
3079
2524
2334
2296
2273
2236
2234
2198
2181
2113
2115
2040
2062
2113
2144
2115
1925
1776
2014
2357
2632
2574
2273
1947
1801
1912
2313
2677
2766
2372
1916
1722
1755
1804
1724
1715
1641
1741
1735
1698
1624
1691
1784
1737
1868
1903
1908
2064
2205
2238
2324
1999
1826
1810
1680
1525
1386
1168
1087
1112
1108
1068
996
1037
938
858
842
1057
1498
2256
3323
3986
4000
3291
2230
1266
677
392
316
334
495
817
1379
2147
2897
3256
3107
2358
1661
975
503
314
162
146
151
152
136
147
131
147
127
135
122
150
165
158
172
187
177
179
176
158
140
103
123
110
96
105
114
95
85
84
82
101
102
104
99
104
74
77
102
86
88
81
84
71
84
71
77
82
72
65
82
68
78
71
78
84
72
85
95
94
108
101
121
98
103
107
78
58
81
85
79
71
64
83
73
84
87
82
76
59
53
64
43
40
44
40
37
34
29
28
26
30
20
38
41
42
39
75
70
82
103
107
113
136
140
106
101
78
49
50
19
21
18
18
8
15
16
17
8
11
3
16
8
9
8
9
7
9
7
10
8
4
6
11
8
9
9
1
5
251
