0
0
0
0
0
0
0
0
1401
4824
3179
2876
2962
2917
3001
3042
3156
3440
3900
4531
5639
5695
4411
3488
3242
3098
3011
3027
3113
3227
3024
2569
2286
2211
2150
2164
2037
2035
2075
2067
2145
2053
1989
2012
2068
1995
1885
1857
1963
2223
2474
2474
2195
1935
1877
1998
2308
2626
2585
2285
1870
1624
1662
1686
1699
1611
1649
1682
1654
1616
1667
1631
1697
1730
1771
1799
1860
2000
2191
2252
2132
1948
1796
1651
1546
1443
1340
1217
1101
1051
1058
1058
968
995
846
859
828
1063
1536
2295
3170
3782
3758
3040
2175
1302
684
419
331
352
506
833
1389
2094
2685
3012
2905
2348
1616
959
515
275
179
146
150
158
146
142
148
141
138
143
130
133
134
152
188
183
169
175
172
150
132
116
108
100
88
84
88
91
90
87
84
75
70
81
79
66
79
82
73
86
85
70
73
69
63
68
65
67
70
70
70
78
70
62
72
75
69
63
69
87
114
107
92
100
86
90
91
78
73
74
64
63
75
84
74
71
73
73
66
62
58
56
55
50
49
47
37
33
31
27
27
28
29
27
28
37
44
40
53
59
78
80
92
126
126
133
109
101
70
59
48
35
24
19
17
13
11
12
11
11
11
16
11
6
8
8
10
6
9
11
8
10
8
0
