0
0
1749
5631
2852
2993
3078
2983
3135
3123
3260
3526
4182
4352
6470
6250
4044
3451
3365
3159
3079
3129
3183
3435
3153
2589
2326
2284
2211
2244
2099
2103
2145
2126
2238
2113
2041
2064
2174
2071
1921
1899
1964
2290
2608
2683
2254
1933
1909
2005
2325
2835
2714
2415
1918
1627
1723
1741
1766
1659
1702
1738
1712
1659
1737
1662
1763
1779
1837
1847
1907
2012
2306
2366
2260
1960
1916
1655
1633
1476
1403
1266
1120
1076
1088
1125
967
1067
854
895
839
1080
1561
2339
3273
3962
3993
3163
2274
1305
622
407
322
334
485
815
1361
2261
2812
3252
3120
2425
1617
904
474
245
174
143
159
168
148
146
155
144
141
150
132
139
139
160
206
183
171
186
179
147
135
111
115
99
84
89
93
97
89
94
82
75
68
97
73
64
92
80
73
99
82
67
82
67
64
76
63
76
72
73
76
87
58
73
78
77
64
70
73
117
122
88
112
88
91
100
83
75
81
66
65
69
97
75
73
71
85
64
69
58
55
62
49
51
55
35
33
36
25
29
30
32
27
28
40
48
40
58
62
84
83
99
138
128
142
105
105
61
60
45
32
20
20
15
12
13
12
13
9
17
15
7
9
8
13
6
10
13
9
11
8
7
11
6
5
7
7
8
3
235
