0
0
0
0
0
0
0
0
1435
4971
3139
2895
2985
2949
2976
3022
3142
3395
3736
4349
5425
5572
4389
3483
3286
3166
3001
2980
3175
3279
3015
2556
2363
2259
2186
2155
2133
2104
1998
2080
2031
1997
1970
2017
2093
2022
1909
1834
1927
2146
2372
2471
2279
1962
1837
2000
2337
2579
2532
2235
1903
1683
1685
1727
1687
1714
1572
1673
1683
1634
1621
1709
1719
1742
1765
1828
1901
2006
2145
2209
2121
1958
1814
1671
1552
1438
1343
1221
1099
1057
1026
1028
1030
983
919
814
807
1012
1434
2237
3150
3787
3723
3203
2300
1382
744
416
316
347
487
779
1279
1976
2654
3003
2885
2373
1704
1089
623
329
199
154
132
148
141
123
137
137
129
133
124
138
149
166
183
191
189
168
150
139
128
124
112
102
104
101
83
76
84
87
89
90
81
78
80
80
86
79
77
78
77
80
82
77
69
66
65
69
81
82
71
71
68
66
71
63
68
74
84
77
89
102
94
102
95
90
74
66
73
78
79
81
72
71
77
80
77
74
71
69
70
66
59
49
43
39
35
39
40
35
33
32
28
25
30
33
33
35
56
68
74
88
105
120
121
120
123
99
74
65
53
36
23
14
17
13
14
11
9
11
8
9
10
9
10
11
12
12
6
10
8
8
9
0
