0
0
1794
5809
2760
3039
3099
3031
3087
3120
3245
3535
3908
4277
6155
6179
4009
3439
3417
3279
3042
3017
3338
3473
3127
2551
2433
2326
2253
2226
2203
2173
2054
2165
2092
2065
2022
2073
2218
2077
1983
1833
1961
2237
2453
2682
2383
1957
1823
2020
2444
2739
2669
2310
1949
1705
1740
1794
1740
1775
1620
1736
1745
1685
1655
1791
1766
1812
1804
1899
1958
2053
2246
2327
2226
1978
1912
1683
1628
1458
1406
1259
1107
1097
1052
1065
1072
1013
948
836
833
1056
1495
2356
3339
4048
3881
3335
2291
1285
663
356
305
344
489
798
1326
2157
2919
3237
3025
2375
1641
1006
551
279
184
153
131
160
142
123
148
139
131
142
123
151
158
178
198
198
198
159
157
133
135
126
106
105
114
101
71
86
89
92
94
93
77
86
80
86
93
73
84
79
78
88
84
74
67
70
66
79
93
72
76
73
65
77
65
71
73
89
78
87
109
96
107
98
97
78
65
76
83
78
91
71
72
82
84
78
79
72
73
75
66
65
46
44
40
33
44
40
35
34
33
27
25
35
37
33
39
65
76
79
99
115
131
121
129
127
84
70
64
45
30
13
19
14
15
12
10
12
9
10
11
10
11
13
12
17
4
13
7
10
10
12
8
3
11
6
10
7
3
242
