0
0
1838
5560
2879
2997
2991
3039
2999
3168
3379
3518
4129
4444
6317
6281
3917
3359
3322
3290
3123
3030
3383
3462
3152
2563
2338
2195
2173
2215
2177
2082
2124
2076
2215
2013
2031
2133
2157
2171
1970
1901
1947
2198
2579
2746
2350
1950
1845
2043
2313
2705
2786
2296
1950
1771
1756
1715
1735
1717
1660
1666
1634
1701
1713
1728
1705
1738
1821
1912
1933
2030
2194
2228
2101
2017
1770
1746
1661
1508
1431
1217
1139
1061
1066
1056
1071
1039
893
869
824
1019
1552
2289
3292
4010
4057
3233
2266
1300
663
387
322
300
441
880
1397
2172
2903
3296
3024
2473
1560
977
530
271
193
156
131
150
116
152
152
135
139
126
135
129
193
174
177
185
204
188
163
139
151
135
114
110
117
91
91
87
85
89
73
82
90
91
88
90
86
80
95
70
82
90
91
69
83
58
85
91
77
60
90
65
60
75
71
69
84
87
86
95
122
127
101
103
83
103
100
85
83
82
79
87
73
70
71
82
82
78
81
71
68
43
59
41
46
39
34
32
28
38
21
30
34
30
34
41
44
65
66
64
102
119
139
133
133
120
87
82
65
38
37
35
22
19
11
14
15
11
12
6
11
18
16
6
11
13
9
8
9
14
7
13
12
8
4
5
7
7
9
258
