0
0
0
0
0
0
0
0
1471
4779
3190
2883
2898
2930
2927
3049
3236
3458
3884
4537
5591
5646
4343
3399
3221
3162
3049
3019
3206
3286
3026
2554
2281
2141
2108
2140
2108
2017
2052
2021
2113
1976
1976
2051
2086
2060
1933
1864
1931
2162
2451
2524
2264
1950
1855
1999
2274
2564
2584
2232
1904
1733
1697
1665
1677
1660
1607
1611
1588
1643
1658
1668
1658
1692
1767
1838
1888
1984
2098
2118
2040
1908
1761
1675
1589
1473
1351
1202
1101
1041
1029
1026
1030
993
873
840
805
993
1514
2237
3168
3815
3820
3116
2201
1326
716
421
323
324
484
853
1388
2061
2705
3033
2887
2358
1630
1010
577
309
200
157
133
140
119
142
147
133
132
124
127
126
174
173
170
177
190
184
163
144
140
134
118
109
107
98
88
86
84
83
78
75
83
87
87
86
85
80
86
77
75
83
86
75
75
66
71
83
81
66
72
73
61
63
71
68
71
82
84
86
100
119
115
97
93
85
99
92
83
81
79
78
79
71
68
71
77
78
77
74
70
59
51
49
44
41
38
34
31
30
31
25
27
31
30
31
37
41
59
62
62
91
111
129
130
129
120
93
81
67
47
36
34
28
20
15
11
13
13
10
10
7
12
17
12
6
10
11
8
7
8
11
8
0
