0
0
2404
7412
3763
4079
3901
4004
4284
4900
5352
5255
5189
5181
7246
6901
4710
4277
4248
4179
4095
4007
4122
3967
3520
2764
2591
2503
2554
2519
2422
2417
2389
2374
2230
2465
4228
7357
10365
9695
5647
2445
1533
1668
1866
1980
1559
1317
1902
3548
6218
8191
8008
5285
2627
1196
913
766
840
739
678
734
755
677
655
591
621
585
644
693
734
873
1020
1131
1006
903
880
945
917
787
638
522
459
382
321
292
297
290
205
251
249
199
205
203
186
175
161
162
200
280
398
627
932
1130
1220
1088
845
546
324
178
133
104
134
117
110
94
107
94
105
108
103
131
105
106
111
112
92
91
144
147
162
144
160
141
130
107
93
93
77
76
57
68
60
66
60
69
60
59
80
94
98
95
91
52
67
73
50
58
47
50
46
48
58
46
50
56
49
56
46
45
51
47
69
81
76
87
82
92
94
99
69
50
65
64
59
65
55
64
67
65
75
75
67
56
78
41
56
53
45
39
36
32
34
23
32
20
22
16
18
17
27
23
25
50
69
74
99
107
153
132
110
107
86
62
52
40
31
23
14
11
13
14
13
11
13
9
11
6
11
8
12
9
15
8
7
10
5
3
6
6
8
7
4
7
3
198
