0
0
0
0
0
0
0
0
1713
5956
4403
3911
3811
3858
4109
4623
5051
5105
5040
5347
6367
6373
5091
4253
4106
4046
3967
3919
3938
3794
3363
2750
2516
2433
2468
2435
2344
2338
2312
2277
2213
2721
4586
7435
9399
8339
5177
2614
1678
1653
1809
1765
1493
1486
2267
4044
6342
7759
7097
4553
2236
1097
853
755
790
701
669
713
707
653
615
587
585
590
634
680
758
885
1012
1034
948
876
877
899
846
719
586
487
423
353
302
282
284
258
210
242
228
194
197
191
177
166
157
169
218
306
458
694
939
1102
1122
981
739
483
286
170
124
110
124
113
103
92
102
91
101
104
103
121
103
102
106
103
92
102
131
145
149
146
147
137
122
105
93
86
78
69
61
61
61
61
60
63
60
58
75
88
93
93
90
55
61
69
52
54
48
47
46
45
52
49
46
51
51
50
49
44
45
49
57
71
77
78
83
83
89
91
81
58
54
61
60
59
58
57
61
63
66
70
69
62
63
59
49
51
50
43
38
34
31
30
26
28
21
20
16
16
17
25
23
22
44
63
69
90
100
136
133
113
104
90
69
55
44
34
27
18
12
10
12
13
12
10
12
8
10
5
10
7
11
8
12
8
7
8
5
0
