0
0
0
0
0
0
0
0
1715
5921
4429
3830
3964
3932
4159
4684
5065
5089
5026
5301
6299
6389
5173
4282
4078
4033
3970
3900
3949
3827
3374
2828
2501
2408
2373
2430
2464
2353
2377
2312
2192
2703
4551
7507
9584
8433
5215
2592
1604
1613
1802
1754
1527
1527
2283
3955
6122
7698
7123
4625
2231
1061
806
816
793
689
679
724
701
643
597
592
600
611
622
665
762
890
979
990
931
877
867
854
796
702
611
473
396
375
345
293
275
248
252
230
217
207
191
189
197
175
164
174
202
292
476
683
918
1092
1118
986
729
467
277
174
135
108
98
97
102
99
91
82
94
105
104
110
107
115
107
99
111
124
129
134
136
130
135
139
123
106
99
92
80
66
57
59
62
55
49
62
65
75
72
78
91
86
85
69
74
74
64
58
57
48
49
40
54
55
49
46
41
47
55
47
40
43
54
63
74
83
89
93
86
79
77
75
65
63
63
65
54
54
58
56
57
54
53
58
62
62
52
47
48
43
34
31
26
25
22
23
24
17
20
17
17
21
21
27
37
62
64
98
104
105
128
113
105
89
64
50
40
35
28
20
15
9
7
6
7
5
6
3
9
7
10
7
12
11
10
3
4
7
5
0
