0
0
2406
7360
3811
3958
4133
4034
4339
4971
5346
5228
5188
5127
7124
6954
4852
4280
4195
4167
4124
3953
4140
4023
3501
2888
2559
2485
2446
2509
2553
2426
2462
2421
2194
2458
4153
7316
10635
9771
5767
2442
1458
1565
1926
1910
1612
1379
1891
3542
5840
8105
8055
5418
2649
1175
832
842
851
719
685
750
741
681
616
605
624
618
652
636
759
863
1029
1034
1007
889
904
884
871
737
686
520
417
392
379
305
296
255
268
241
227
218
202
184
216
185
168
169
200
233
415
656
846
1149
1187
1119
844
531
317
180
150
112
101
99
106
104
95
84
96
109
107
114
108
121
113
98
113
131
136
136
147
129
135
156
127
107
102
98
83
70
54
64
67
57
44
71
64
82
72
82
97
88
88
70
79
76
65
59
58
47
55
35
66
51
51
47
37
58
56
45
36
51
60
69
85
84
103
90
87
76
86
69
66
66
66
71
42
69
53
63
55
54
57
67
67
59
43
54
49
33
36
23
30
20
24
29
15
22
17
19
23
21
29
41
68
68
107
110
108
140
109
109
84
58
48
38
35
23
19
11
8
7
8
6
8
3
10
8
11
7
13
12
12
4
6
9
5
10
6
7
4
3
10
6
4
213
