0
0
2489
7326
3753
4093
3885
3998
4398
4941
5357
5160
5214
5149
7332
6817
4754
4216
4281
4153
4101
4111
4151
3911
3529
2741
2551
2505
2457
2383
2471
2434
2409
2368
2376
2436
4130
7342
10339
9764
5716
2488
1492
1531
1908
2003
1716
1404
1811
3416
6180
8216
8008
5368
2647
1257
874
833
787
701
639
684
714
657
628
589
608
580
615
659
769
919
1026
1084
1001
951
916
938
908
848
656
565
465
413
360
306
266
241
240
225
236
211
198
215
188
157
143
191
182
220
396
674
927
1126
1192
1122
829
549
330
177
143
103
103
112
114
112
122
111
99
97
86
110
109
120
102
113
120
121
143
144
154
158
177
154
162
80
86
100
73
78
68
60
58
68
73
64
60
79
74
110
91
101
75
91
56
57
57
67
50
50
53
52
43
60
45
63
53
46
54
47
57
58
56
76
78
78
88
94
106
69
81
59
47
53
68
73
53
66
49
66
60
57
58
50
65
54
43
45
45
27
39
19
31
29
27
23
15
26
17
16
18
15
32
39
50
59
98
117
112
131
108
114
86
81
57
47
18
23
11
18
12
9
18
11
11
12
12
11
7
8
11
6
13
7
9
9
5
5
11
5
4
7
5
0
11
225
