0
0
0
0
0
0
0
0
1784
5939
4375
3926
3807
3859
4200
4692
5068
5061
5031
5372
6420
6345
5049
4241
4107
4046
3989
3991
3968
3759
3337
2722
2484
2426
2376
2317
2392
2357
2331
2297
2313
2730
4652
7608
9514
8280
5017
2502
1595
1612
1832
1824
1584
1544
2293
4149
6500
7786
6920
4399
2153
1104
835
792
736
661
633
672
673
627
595
578
577
578
612
684
806
928
1012
1007
954
910
900
894
855
739
601
507
429
379
327
281
249
233
227
221
218
200
197
198
169
147
159
180
193
293
506
758
978
1109
1117
950
689
447
261
165
123
101
102
107
110
111
115
104
95
92
91
106
107
111
101
111
116
124
137
142
149
159
162
154
124
88
87
85
76
71
65
59
59
65
67
63
63
73
80
98
92
91
77
81
55
55
55
64
48
48
50
50
43
54
48
57
53
46
49
48
52
55
57
67
74
76
82
90
93
81
70
63
50
50
60
66
59
58
54
57
60
57
56
51
57
57
47
43
42
34
32
27
25
28
28
25
19
18
20
17
16
15
18
31
39
49
63
96
112
111
125
104
109
83
78
57
45
21
21
13
15
13
9
14
13
10
10
11
11
8
6
8
8
7
10
6
8
7
4
0
