0
0
0
0
0
0
0
0
1723
5904
4371
3781
3835
3882
4089
4588
4978
5050
5058
5327
6350
6426
5118
4286
4205
4106
3951
3868
3943
3799
3294
2766
2496
2405
2403
2349
2484
2343
2285
2251
2189
2673
4468
7339
9361
8483
5385
2678
1628
1610
1816
1805
1566
1529
2187
3799
6041
7787
7387
4670
2314
1134
837
806
744
754
689
663
674
648
653
609
582
603
647
685
771
939
1053
1037
976
894
834
850
828
707
620
464
414
374
321
292
272
263
226
215
213
232
198
179
194
187
168
170
208
288
430
650
888
1081
1156
1022
768
522
309
191
158
120
104
105
101
118
95
87
115
105
110
98
110
99
99
108
113
116
123
151
160
152
143
128
118
109
93
79
78
80
63
57
56
62
66
59
69
77
78
78
95
98
91
81
74
58
59
55
49
50
54
48
44
49
49
47
47
57
64
52
49
46
45
55
67
77
85
81
79
78
78
66
64
66
68
63
57
60
62
59
56
54
53
58
61
51
48
47
44
39
35
31
30
22
28
27
20
18
15
18
19
24
26
38
39
39
81
95
94
97
107
111
109
109
90
53
33
31
22
11
12
11
13
9
14
10
6
10
11
11
5
8
9
8
8
7
3
4
8
0
