0
0
2419
7362
3724
3919
3979
4018
4256
4875
5259
5191
5281
5108
7242
7014
4676
4296
4424
4214
4085
3912
4158
3991
3392
2813
2562
2480
2489
2426
2577
2420
2360
2347
2202
2453
4111
7351
10318
9790
5865
2448
1464
1591
1904
1997
1626
1414
1874
3416
5860
8164
8317
5323
2663
1244
870
850
763
794
723
672
720
649
703
634
600
593
678
689
748
901
1142
1086
1028
957
844
864
917
732
695
492
437
402
339
307
282
283
236
226
209
253
216
170
207
202
173
164
196
263
390
595
896
1086
1260
1143
832
587
337
186
175
123
107
111
102
124
100
87
120
107
118
97
119
100
100
114
117
125
110
169
172
151
159
125
123
116
94
78
79
93
56
62
53
69
69
58
76
81
81
81
104
102
92
81
74
56
63
54
49
55
57
44
49
53
48
51
43
78
54
52
49
44
49
69
72
92
82
88
73
92
67
66
69
72
69
57
59
69
59
59
55
56
51
78
47
51
49
44
42
35
32
36
18
32
28
19
20
15
21
21
27
29
44
40
43
100
99
96
106
115
115
111
115
73
35
36
28
12
13
12
15
9
15
11
7
11
12
13
5
10
9
10
8
10
2
6
11
6
4
12
7
4
8
6
3
230
