0
0
0
0
0
0
0
0
1711
5767
4353
3817
3847
3906
4263
4790
5091
5113
4941
5232
6271
6330
5072
4238
4093
4002
3974
3870
3904
3813
3336
2817
2549
2400
2440
2417
2355
2275
2276
2305
2294
2753
4420
7204
9256
8384
5333
2679
1669
1655
1810
1762
1535
1498
2184
3851
6117
7823
7348
4723
2270
1144
863
830
761
678
688
685
655
638
653
601
584
596
628
706
799
889
978
1041
1006
892
826
842
860
770
651
512
463
391
315
280
292
249
241
228
217
228
219
179
169
161
175
191
219
298
451
684
909
1078
1155
1042
780
499
314
203
139
116
108
105
118
115
97
110
103
109
93
92
116
106
92
100
107
108
129
148
157
145
133
132
130
112
95
91
85
64
55
60
63
67
69
67
71
69
88
84
93
87
86
73
78
66
50
53
50
53
55
43
50
59
52
44
43
38
43
49
52
53
50
58
70
83
89
87
85
68
78
83
65
50
49
57
66
65
59
64
66
59
55
54
51
50
50
49
45
41
34
31
30
26
29
26
19
17
13
14
16
17
23
24
32
53
73
91
122
130
131
129
107
85
72
57
42
32
20
14
10
11
12
5
9
14
7
9
8
10
8
8
8
9
10
11
10
8
7
0
