0
0
2403
7179
3753
3962
3983
4044
4486
5094
5328
5330
4986
5130
7110
6902
4662
4257
4298
4023
4228
3878
4095
4023
3435
2865
2628
2465
2526
2500
2438
2347
2347
2402
2316
2567
4079
7150
10252
9648
5817
2439
1511
1655
1920
1912
1616
1372
1849
3471
5944
8240
8231
5407
2607
1251
897
871
810
699
713
714
693
630
712
620
593
617
626
696
816
892
996
1076
1105
937
846
842
931
820
720
538
496
425
337
285
315
259
252
239
222
232
250
177
186
156
180
194
213
260
416
621
945
1065
1258
1151
882
537
337
219
144
119
112
105
123
121
100
114
106
116
97
88
126
113
90
104
116
99
141
149
176
146
134
137
143
114
92
98
93
58
54
66
64
72
73
69
76
71
96
84
100
87
91
71
85
64
47
59
48
59
56
37
63
63
45
49
40
41
50
54
55
52
52
71
77
100
81
104
69
74
92
79
50
49
53
70
73
61
57
81
57
57
59
51
55
49
54
45
45
33
32
33
25
32
27
18
19
13
17
19
19
26
25
38
62
82
102
140
133
139
130
96
80
68
47
40
23
16
11
12
15
5
10
15
8
10
9
11
8
10
8
11
12
11
11
8
9
9
8
9
12
3
5
6
6
198
