0
0
0
0
0
0
0
0
1774
5884
4460
3821
3845
3870
4157
4692
5052
5083
5024
5262
6202
6312
5121
4285
4127
3999
3855
3814
3898
3794
3359
2824
2508
2488
2301
2362
2376
2294
2309
2284
2244
2701
4405
7269
9347
8442
5347
2679
1633
1612
1815
1826
1588
1523
2200
3805
6101
7862
7278
4723
2364
1102
820
842
742
680
702
681
678
654
628
614
601
599
614
663
755
910
1039
1042
985
909
857
862
821
747
651
528
444
365
346
313
263
249
247
236
230
211
196
179
183
176
168
182
221
300
439
675
938
1129
1176
1025
785
549
320
191
127
112
107
92
98
107
102
110
103
97
105
108
106
102
94
99
111
117
126
133
143
152
153
145
127
106
94
87
77
69
72
67
58
54
55
62
67
70
73
87
81
84
84
83
75
56
54
52
55
61
55
46
50
53
45
39
41
44
39
50
54
50
57
60
68
78
90
89
78
76
73
60
52
58
59
60
62
59
57
59
57
62
67
60
54
51
49
46
41
33
30
29
32
31
25
27
24
19
18
16
19
20
22
28
41
58
78
89
106
124
128
120
109
96
72
51
45
35
24
18
13
13
5
5
6
8
9
15
13
9
10
7
9
8
9
9
8
8
8
0
