0
0
2492
7312
3859
3937
3988
3997
4357
4994
5324
5233
5196
5108
7000
6899
4733
4311
4297
4119
3957
3893
4093
3980
3475
2877
2556
2593
2369
2443
2462
2366
2392
2377
2262
2511
4051
7247
10378
9727
5770
2454
1467
1597
1903
1997
1692
1365
1922
3423
5913
8349
8103
5355
2724
1204
840
892
784
696
736
702
708
684
649
640
623
613
630
655
751
873
1107
1106
1025
975
856
911
868
794
707
565
483
381
364
337
275
258
258
244
246
218
210
181
190
195
158
190
201
288
392
618
948
1158
1283
1132
838
627
335
204
128
115
113
95
101
111
106
114
107
99
110
113
109
107
95
101
119
117
134
138
147
165
154
158
130
103
96
91
79
65
82
68
58
55
57
67
71
74
78
94
81
89
85
84
74
52
58
51
61
67
49
47
57
53
42
38
52
37
46
61
48
59
58
69
76
89
101
81
79
75
76
45
62
62
61
66
65
53
67
57
56
80
61
54
52
51
48
44
32
33
28
36
33
24
29
24
19
20
15
22
20
25
33
48
67
88
98
119
138
128
122
104
94
54
50
42
26
21
14
16
6
6
7
9
9
16
14
9
12
7
11
8
11
9
9
9
8
8
8
7
8
7
5
5
7
199
