0
0
0
0
0
0
0
0
1717
5769
4373
3830
3899
3973
4118
4689
5017
5048
4995
5222
6195
6314
5178
4358
4154
4059
3924
3801
3887
3836
3431
2770
2443
2411
2347
2388
2404
2278
2332
2335
2255
2630
4407
7304
9292
8526
5498
2733
1654
1630
1788
1771
1543
1530
2234
3809
6026
7695
7263
4798
2332
1155
855
814
765
701
692
683
681
671
643
604
608
609
611
662
745
856
965
1031
999
915
873
851
848
761
612
498
397
352
354
327
244
217
252
256
230
219
210
191
166
160
165
163
194
281
405
616
910
1137
1184
1054
811
551
330
190
121
99
90
103
98
89
99
100
111
105
112
102
110
101
109
109
116
119
133
151
152
144
141
133
120
103
92
91
80
67
61
62
62
63
52
67
70
83
82
89
102
97
87
77
69
59
57
50
44
50
52
51
56
52
52
59
61
54
49
42
45
53
57
59
64
76
84
82
76
82
73
68
68
67
69
60
54
59
61
64
65
57
55
61
60
58
60
52
47
48
34
37
34
30
32
26
27
26
21
22
17
23
29
35
36
50
72
78
96
118
130
118
102
90
74
61
37
32
25
13
17
13
13
8
10
8
8
8
9
10
8
6
8
9
8
7
10
9
5
0
