0
0
2413
7180
3782
3975
4051
4125
4252
5045
5249
5216
5173
5028
7073
6812
4862
4393
4278
4205
4068
3826
4087
4022
3584
2791
2496
2498
2423
2470
2495
2342
2416
2439
2296
2403
4044
7427
10210
9804
5970
2458
1457
1670
1859
1946
1613
1370
1987
3463
5916
8130
8034
5434
2645
1258
891
849
806
724
718
705
708
697
683
618
614
660
591
680
734
861
984
1077
1086
934
917
865
899
829
655
540
423
365
369
358
261
217
260
274
238
227
221
206
169
160
176
170
161
276
378
554
892
1207
1268
1157
880
603
352
200
122
103
91
108
102
93
103
104
116
107
120
101
120
98
118
108
125
120
136
166
160
141
151
136
125
103
88
105
78
66
63
67
64
70
47
76
72
92
83
97
110
98
86
77
68
59
60
47
45
58
49
58
57
50
59
69
56
56
44
43
53
59
62
61
78
83
96
70
91
77
69
75
66
74
70
45
67
61
67
73
58
50
70
61
59
69
51
46
57
29
43
34
31
35
25
29
25
20
25
15
27
34
40
38
60
84
80
115
131
140
106
106
77
78
41
35
30
14
18
14
14
9
11
9
9
10
9
12
8
6
10
10
8
7
13
9
3
4
4
6
5
5
6
5
11
240
