0
0
2529
7353
3860
4005
4062
3907
4350
4906
5264
5182
4981
5041
7162
7007
4778
4357
4270
4100
4083
4006
4093
3988
3533
2848
2674
2462
2550
2467
2514
2458
2380
2306
2270
2511
4056
7178
10587
9776
5678
2463
1478
1639
1933
1902
1665
1424
1864
3484
6092
8083
7923
5391
2679
1171
854
873
826
758
724
719
661
674
646
600
642
614
624
671
753
869
1035
1151
1008
918
837
880
862
800
651
575
436
382
376
312
275
254
252
236
236
224
212
210
160
184
163
179
206
279
371
576
837
1161
1226
1152
845
590
366
210
171
131
120
95
92
107
100
103
129
92
98
96
130
107
123
106
112
108
138
180
161
163
155
149
125
128
111
83
71
64
78
64
65
76
52
58
69
81
81
94
107
84
84
83
72
65
56
57
57
44
55
56
32
45
66
51
50
46
43
44
47
64
64
67
71
63
91
89
91
84
70
68
69
56
57
53
64
53
78
61
64
61
58
60
58
48
51
60
38
30
32
28
38
32
33
23
19
11
23
23
17
21
33
52
58
82
117
116
110
135
113
92
74
78
41
27
27
26
21
17
12
11
12
8
10
13
14
14
7
8
7
8
9
6
4
11
9
10
6
7
7
6
11
4
2
200
