0
0
0
0
0
0
0
0
1800
5920
4468
3871
3913
3820
4125
4627
4984
5010
4882
5185
6276
6422
5187
4315
4120
4006
3939
3906
3922
3808
3400
2826
2586
2400
2459
2385
2426
2374
2299
2232
2240
2695
4364
7234
9440
8509
5365
2701
1658
1639
1807
1777
1581
1531
2165
3833
6114
7650
7188
4790
2355
1082
827
836
787
728
700
682
646
642
615
598
607
601
616
669
755
879
1015
1050
963
872
830
841
819
740
618
528
411
369
351
294
262
245
241
229
226
215
206
190
167
168
164
178
217
286
407
604
867
1090
1154
1039
790
546
343
210
162
127
114
92
89
103
96
100
119
91
93
98
117
109
113
107
106
111
134
159
161
156
151
141
128
119
107
86
71
66
70
65
62
68
56
54
63
74
77
86
99
87
82
81
73
65
58
54
55
48
47
52
42
37
52
57
49
47
44
41
43
51
61
62
65
65
70
87
87
85
77
69
66
62
56
54
55
57
60
65
62
59
59
57
57
55
48
49
52
40
31
29
29
34
32
30
25
20
12
18
21
19
18
27
43
53
69
98
112
110
117
120
100
82
72
62
35
26
26
24
20
16
11
10
11
7
8
11
12
13
8
6
7
6
7
6
4
7
9
0
