0
0
0
0
0
0
0
0
1778
5949
4419
3898
3834
3856
4159
4708
5091
5162
5033
5271
6311
6393
5123
4191
3980
3932
3869
3895
3952
3731
3247
2740
2495
2389
2388
2383
2390
2301
2386
2343
2218
2633
4490
7402
9444
8496
5366
2704
1670
1641
1830
1819
1558
1483
2174
3872
6164
7840
7305
4852
2337
1125
849
773
768
699
707
650
668
646
623
609
598
599
602
644
730
848
972
1029
965
873
850
837
830
740
594
536
461
366
329
311
259
259
235
228
224
213
203
185
162
162
175
185
226
314
455
667
903
1087
1110
976
751
477
301
179
141
130
109
108
103
95
96
84
115
107
100
105
104
94
95
94
110
120
133
138
142
145
141
139
129
111
97
83
81
76
63
57
58
55
61
61
63
61
77
74
81
83
98
78
77
53
52
48
51
48
48
51
49
44
43
45
43
50
52
44
47
55
58
62
64
63
80
93
100
88
82
72
67
65
60
64
67
60
53
54
58
62
63
64
59
52
54
58
49
46
39
31
29
29
30
23
26
22
17
16
15
16
22
35
39
50
76
83
99
104
117
124
114
90
67
57
42
27
25
15
13
13
14
9
13
13
17
5
5
13
10
7
8
9
5
4
7
4
3
0
