0
0
2496
7377
3780
4059
3938
3992
4357
5009
5358
5367
5147
5082
7207
6930
4779
4176
4089
4092
3953
4011
4168
3892
3353
2783
2567
2461
2470
2463
2477
2366
2478
2449
2251
2368
4141
7365
10434
9825
5824
2508
1507
1635
1903
2018
1642
1355
1811
3485
5967
8295
8138
5580
2711
1230
897
797
816
716
754
659
699
677
643
636
614
618
625
623
738
823
996
1080
1065
877
893
855
874
825
622
569
506
390
342
338
268
275
244
236
234
223
211
203
164
165
179
193
198
300
410
619
892
1111
1237
1031
887
499
344
181
143
142
111
114
108
99
101
82
120
111
103
110
110
96
101
89
119
118
142
144
144
158
138
150
139
108
110
74
90
80
60
57
64
53
68
61
67
62
83
75
87
87
105
76
80
48
57
47
56
47
53
52
50
41
50
42
46
61
47
44
55
60
57
76
53
80
87
109
96
84
85
62
79
54
70
66
77
43
64
48
76
59
71
64
52
49
72
45
52
41
30
29
32
32
21
30
21
17
16
18
15
25
40
43
56
87
87
111
108
129
129
109
81
59
58
27
31
16
14
13
17
9
14
13
20
6
5
14
11
7
10
10
5
5
9
3
5
10
9
6
10
5
2
5
3
191
