0
0
0
0
0
0
0
0
1754
5914
4363
3801
3799
3869
4098
4636
5096
5221
5116
5322
6338
6474
5222
4292
4135
4072
3927
3831
3913
3786
3338
2720
2415
2457
2371
2417
2347
2283
2413
2293
2204
2677
4517
7372
9449
8538
5324
2613
1613
1603
1797
1791
1542
1527
2276
3928
6135
7720
7225
4793
2249
1107
863
785
725
683
654
714
683
626
616
599
580
603
636
671
754
872
999
1041
964
879
836
822
815
740
622
502
418
358
338
296
267
225
247
209
212
208
198
182
180
169
177
184
205
288
458
679
937
1128
1118
961
741
502
309
189
146
114
108
105
110
104
108
94
95
96
111
104
93
101
94
110
112
107
122
143
154
146
135
122
115
107
92
75
70
76
69
58
53
56
61
61
67
68
81
86
82
79
92
82
68
72
60
46
52
48
58
63
60
54
48
46
46
48
51
47
45
53
62
61
71
84
83
85
79
80
78
70
67
59
56
54
59
64
61
59
58
62
67
65
58
55
54
51
41
29
26
32
31
30
26
24
18
15
18
18
15
17
26
29
37
44
62
93
99
119
119
121
107
93
68
50
41
29
19
17
16
13
11
11
12
13
11
5
9
12
7
10
8
12
4
5
6
7
7
0
