0
0
2462
7335
3730
3943
3921
4013
4261
4923
5385
5429
5254
5122
7158
7089
4881
4236
4316
4211
4060
3859
4130
3962
3489
2754
2454
2557
2442
2500
2429
2342
2520
2382
2227
2421
4156
7255
10341
9965
5864
2419
1461
1594
1855
1993
1626
1361
1925
3499
5904
8123
8091
5622
2642
1211
910
827
759
720
655
742
730
643
637
634
589
608
656
674
730
870
992
1129
1037
908
876
836
865
803
683
545
456
371
363
312
295
221
271
215
221
214
215
182
198
166
186
187
199
240
403
632
880
1182
1239
1039
854
559
359
190
163
116
112
106
115
107
114
98
99
98
115
109
94
110
91
116
121
103
125
145
171
147
145
123
118
115
96
77
64
88
71
59
51
59
66
60
72
68
87
90
84
81
98
83
68
76
60
45
57
47
66
66
60
55
46
50
46
54
52
46
44
66
62
59
89
83
90
86
77
91
69
78
60
61
55
55
71
64
60
61
62
70
75
58
58
54
57
46
30
21
38
31
36
25
25
17
14
20
18
15
19
28
33
41
48
69
103
105
129
121
128
103
93
58
48
39
22
18
19
14
12
12
13
14
14
5
10
13
8
11
8
14
4
7
8
7
9
8
6
12
6
4
8
8
4
195
