0
0
0
0
0
0
0
0
1657
5803
4446
3863
3849
3851
4111
4653
5058
5151
5093
5305
6326
6406
5093
4229
4113
4070
3998
3936
3973
3804
3239
2722
2503
2383
2443
2346
2386
2331
2278
2307
2281
2687
4551
7481
9492
8359
5123
2538
1633
1683
1854
1789
1555
1538
2242
3918
6227
7799
7094
4489
2245
1168
838
741
741
682
696
713
681
637
653
624
584
594
625
656
762
918
1010
1030
973
888
874
866
810
727
613
513
439
390
326
304
268
234
236
222
199
193
196
181
173
176
181
190
232
313
461
687
961
1142
1135
974
725
484
295
186
140
112
110
114
112
93
96
102
98
102
111
119
103
119
104
112
108
124
145
153
148
154
146
135
120
107
90
73
68
64
62
60
60
65
65
59
61
79
83
90
89
88
92
75
79
69
63
53
49
46
56
57
48
45
46
44
49
53
48
50
59
57
52
64
74
76
78
84
89
82
71
68
70
60
58
62
61
52
54
61
61
53
55
65
64
63
62
59
55
46
40
36
35
35
27
25
24
18
17
13
16
17
17
25
31
52
93
98
114
118
131
124
106
87
73
56
39
31
24
15
11
14
10
10
15
12
11
15
12
11
10
5
8
7
3
7
8
5
5
0
