0
0
2313
7199
3890
3980
3972
3968
4285
4932
5326
5321
5274
5070
7131
7067
4670
4243
4268
4190
4149
3994
4159
4037
3332
2765
2585
2440
2535
2420
2466
2413
2344
2392
2337
2406
4102
7240
10388
9789
5778
2439
1483
1646
1978
1938
1667
1393
1852
3328
5857
8198
8161
5350
2690
1321
903
760
790
701
712
739
728
646
679
667
602
591
645
660
706
901
1051
1068
1062
933
871
934
851
804
669
568
465
435
342
325
295
242
247
239
210
197
207
192
176
183
185
192
206
288
384
609
877
1186
1237
1104
853
566
357
194
162
112
115
116
125
96
98
106
102
106
111
131
99
129
105
120
106
125
144
170
142
170
147
146
127
109
105
67
76
63
66
62
58
70
71
59
58
86
85
94
91
89
98
77
83
72
65
54
50
47
60
61
46
48
49
42
55
57
44
53
69
54
48
77
78
82
78
96
88
86
63
79
70
55
64
65
61
47
63
66
61
48
64
73
60
70
60
58
52
39
43
31
43
27
24
27
18
18
12
18
17
18
27
32
51
99
103
119
124
137
128
107
87
73
54
37
29
23
12
13
17
6
16
16
9
17
13
12
13
6
9
9
4
8
9
6
6
9
7
11
5
9
4
7
7
199
