0
0
0
0
0
0
0
0
1780
5920
4412
3892
3989
3913
4183
4645
4997
5083
4995
5273
6286
6377
5130
4236
4074
4051
4005
3903
3995
3849
3407
2734
2561
2426
2446
2338
2311
2323
2285
2290
2224
2601
4385
7266
9295
8394
5277
2656
1663
1641
1808
1777
1553
1532
2235
3926
6223
7757
7085
4663
2339
1150
849
810
750
712
694
678
667
695
647
595
603
631
643
693
776
873
989
1050
1009
923
872
875
856
759
633
508
463
376
334
304
266
260
234
219
230
204
194
197
174
158
172
186
214
295
436
649
883
1056
1117
1012
780
518
303
201
149
121
115
91
93
90
99
118
96
88
102
79
92
96
102
99
101
113
125
142
159
159
137
119
114
109
94
80
67
58
56
60
60
53
57
55
65
63
73
89
81
84
89
77
81
61
54
57
56
54
47
51
63
49
38
40
46
55
59
57
55
48
47
62
68
75
89
91
88
76
75
68
66
62
58
64
67
55
48
53
61
63
59
59
60
55
51
48
41
35
33
34
28
26
23
24
20
18
18
22
20
19
19
23
49
53
74
91
108
109
119
112
93
90
73
57
48
33
20
15
15
9
8
12
11
7
10
9
9
8
6
9
8
8
8
7
9
7
6
0
