0
0
2500
7332
3797
4047
4144
4005
4390
4907
5257
5282
5106
5135
7099
6972
4771
4220
4226
4153
4223
3887
4250
4000
3588
2718
2658
2492
2537
2416
2388
2406
2354
2386
2272
2352
3989
7206
10192
9774
5767
2488
1510
1627
1904
1939
1637
1396
1889
3454
6032
8234
7938
5392
2730
1271
885
852
786
740
719
711
668
736
693
609
603
658
663
673
790
859
992
1112
1081
974
894
894
925
815
705
530
509
402
352
328
275
275
251
220
246
217
196
210
192
154
175
190
202
258
401
579
875
1073
1191
1135
872
603
322
215
162
121
127
92
97
93
99
125
101
89
111
78
98
97
109
101
102
119
125
146
167
175
141
118
119
120
92
86
66
59
55
66
63
51
63
52
73
63
78
95
82
89
94
77
87
59
55
61
56
55
45
56
74
37
43
39
55
61
60
57
60
37
58
73
62
96
87
105
76
83
72
68
68
59
61
76
64
44
55
58
75
56
63
64
59
48
56
41
37
31
42
26
30
21
27
19
19
19
24
20
20
22
26
56
57
82
99
117
113
127
111
89
98
60
57
44
26
15
19
11
7
13
13
8
11
10
10
9
7
10
9
9
8
7
11
7
7
9
9
4
9
7
3
3
3
193
