0
0
2459
7395
3792
3979
4039
4061
4357
4930
5346
5353
5115
5073
7099
6852
4812
4287
4167
4215
4006
3933
4084
4048
3449
2822
2636
2580
2429
2451
2356
2351
2313
2386
2326
2446
4101
7380
10454
9751
5892
2505
1474
1697
1874
1918
1607
1410
1854
3404
5893
7971
7934
5418
2682
1282
891
852
817
687
748
689
710
680
680
606
590
644
629
699
723
896
986
1122
1013
975
898
850
895
789
672
541
487
426
355
333
305
275
210
222
222
199
198
200
174
173
179
171
207
284
400
633
913
1123
1211
1184
892
562
339
216
135
110
128
120
108
108
108
116
99
108
91
106
135
120
119
125
104
136
137
177
153
166
169
130
132
120
110
86
66
71
66
66
70
69
60
50
72
75
71
96
90
90
72
61
66
50
66
69
55
50
57
59
61
44
50
51
42
44
57
58
71
61
48
76
74
91
96
96
85
74
60
75
61
59
62
54
54
68
57
53
85
62
71
62
61
47
47
51
41
33
38
30
21
30
30
25
15
20
25
13
20
24
30
49
53
79
116
101
117
125
121
114
68
62
55
34
24
22
16
17
11
12
9
12
10
10
7
12
13
11
11
13
11
11
6
10
9
10
6
6
3
4
4
5
6
190
