0
0
0
0
0
0
0
0
1751
5954
4432
3840
3894
3928
4172
4657
5061
5147
5009
5239
6241
6329
5139
4271
4074
4026
3913
3849
3913
3828
3341
2789
2564
2488
2356
2369
2280
2272
2248
2293
2278
2684
4480
7409
9438
8480
5388
2704
1673
1656
1796
1754
1542
1521
2182
3809
6027
7572
7112
4721
2325
1164
855
817
763
676
709
673
678
660
634
589
590
611
635
675
759
877
992
1029
979
921
860
840
830
733
617
510
456
395
339
316
288
251
205
214
209
194
192
185
171
169
170
178
221
304
453
680
919
1088
1151
1053
792
512
314
197
130
112
121
115
104
104
104
110
96
102
91
106
125
118
116
115
110
125
141
158
156
157
153
135
124
117
103
84
69
65
65
63
66
66
59
52
65
71
69
88
89
88
72
61
61
52
59
65
58
50
52
56
57
50
45
48
44
41
48
56
61
63
55
59
73
78
89
92
88
78
66
64
65
59
58
57
53
57
60
56
63
70
66
64
61
55
48
45
46
40
34
33
29
23
27
29
24
16
18
23
15
17
21
27
43
49
69
101
102
107
118
119
113
86
62
57
44
29
23
19
15
15
10
11
8
11
9
9
6
11
12
11
10
11
11
10
6
8
9
0
