0
0
2358
7356
3810
3928
4087
4052
4331
4885
5327
5366
5122
5176
7116
7006
4751
4351
4253
4224
4017
3875
4094
4080
3514
2822
2494
2427
2502
2449
2337
2498
2425
2392
2260
2466
4213
7401
10200
9896
5744
2454
1517
1621
1874
1902
1674
1398
1912
3431
5938
8168
8080
5518
2709
1177
894
849
775
690
708
701
704
679
635
596
614
632
652
648
732
829
965
1048
1032
932
862
938
851
836
667
540
474
405
360
353
258
256
265
252
261
195
226
202
202
166
175
194
193
256
379
572
885
1074
1156
1137
872
524
336
200
151
125
124
82
67
116
110
102
98
102
109
113
121
117
99
117
104
114
145
136
153
163
174
129
116
110
101
88
81
68
56
72
69
62
57
68
61
70
82
93
86
91
93
83
83
67
64
50
76
64
61
52
45
44
47
69
52
37
51
49
48
51
60
71
72
95
81
90
84
75
64
71
76
64
64
58
54
69
77
69
64
56
68
53
63
70
56
35
57
39
32
28
22
31
24
15
30
27
18
20
25
24
28
44
49
71
105
128
125
144
145
103
75
61
40
43
33
22
11
14
16
21
12
10
17
13
11
10
10
6
11
5
6
9
10
6
4
10
12
7
6
5
7
5
3
217
