0
0
0
0
0
0
0
0
1680
5906
4426
3808
3923
3935
4154
4625
5045
5154
5034
5305
6318
6393
5151
4302
4138
4055
3911
3825
3917
3857
3384
2775
2439
2360
2417
2367
2270
2409
2347
2298
2237
2726
4600
7441
9382
8433
5235
2615
1654
1632
1782
1762
1563
1549
2257
3915
6180
7749
7175
4722
2281
1077
855
805
730
670
684
679
674
645
605
585
597
616
627
660
737
844
951
998
961
885
868
870
824
753
610
503
439
380
345
315
249
249
253
244
233
197
210
197
183
165
174
185
211
288
428
654
894
1049
1102
1004
744
475
296
188
142
123
109
77
75
111
105
98
94
98
105
110
116
110
100
108
103
116
133
137
147
157
154
130
114
106
96
86
77
66
61
65
66
61
58
62
61
66
78
88
84
87
88
82
81
66
62
51
67
64
60
53
46
43
45
57
55
43
43
49
47
48
54
62
70
79
85
82
84
76
67
64
70
68
62
59
55
58
68
70
65
60
59
59
57
61
62
49
44
46
37
31
27
24
27
23
18
27
26
18
18
23
24
26
40
45
65
96
119
120
135
139
111
81
63
46
39
36
27
16
11
13
17
17
11
11
15
12
10
9
9
5
9
4
5
7
8
6
4
0
