0
0
2453
7178
3811
3897
4041
4055
4305
4996
5309
5223
5197
5076
7082
6756
4755
4347
4264
4268
4016
3783
3995
3964
3477
2794
2615
2464
2444
2526
2502
2377
2370
2343
2240
2465
4143
7408
10339
9767
5750
2482
1493
1614
1940
2056
1620
1385
1888
3475
6034
8190
8191
5498
2731
1241
888
882
747
716
721
703
696
682
637
605
580
606
654
661
787
871
977
1097
945
894
922
851
877
753
712
541
475
401
371
293
266
252
279
242
222
200
208
195
194
174
146
196
213
286
425
587
888
1129
1314
1123
827
599
332
192
146
102
110
109
94
109
98
101
97
94
109
112
119
120
114
99
128
103
137
144
187
139
165
149
127
116
101
74
71
79
67
51
72
62
54
78
87
78
87
84
101
92
87
79
72
98
49
45
54
67
59
47
39
57
49
50
54
59
49
60
41
51
53
76
74
91
84
107
89
95
84
44
66
77
70
76
58
66
69
77
56
69
60
55
53
50
59
45
48
33
39
35
25
28
41
27
23
19
18
22
23
36
41
60
54
86
114
112
129
139
126
113
107
56
54
30
22
21
16
14
16
18
11
10
12
6
13
14
12
10
9
8
10
9
9
9
6
4
14
5
9
4
9
6
6
192
