0
0
0
0
0
0
0
0
1738
5771
4403
3777
3873
3918
4131
4671
5035
5069
5013
5247
6191
6274
5108
4303
4144
4078
3904
3745
3810
3769
3357
2773
2534
2391
2363
2440
2414
2305
2288
2253
2216
2667
4416
7255
9308
8512
5472
2768
1669
1625
1845
1848
1575
1500
2140
3760
6047
7767
7465
4956
2441
1153
858
833
719
693
692
680
670
649
613
583
571
595
625
677
766
861
965
997
919
878
869
836
817
726
657
514
448
383
347
279
255
248
261
232
212
197
197
190
182
163
160
185
223
302
431
623
871
1098
1190
1044
791
555
326
192
139
102
105
106
90
104
95
96
94
92
102
108
113
114
109
104
113
112
123
144
159
153
148
145
128
113
99
79
70
72
67
54
63
62
55
68
81
79
81
82
91
92
87
80
73
85
67
45
47
57
61
51
42
44
52
47
49
53
54
50
51
42
49
58
72
77
85
89
95
89
87
70
55
63
70
70
67
62
62
67
68
61
60
59
55
52
50
53
47
44
35
35
34
27
25
35
30
24
20
19
18
20
28
36
49
54
67
95
109
113
128
130
117
108
89
54
47
28
21
20
15
13
14
16
11
10
10
7
10
12
12
10
9
8
8
9
8
8
7
0
