0
0
0
0
0
0
0
0
1795
5793
4457
3878
3873
3948
4175
4672
5085
5102
5054
5318
6247
6311
5138
4276
4071
3959
3907
3888
3933
3809
3361
2839
2399
2383
2391
2383
2351
2288
2328
2227
2171
2636
4442
7292
9375
8464
5356
2677
1669
1669
1839
1800
1566
1509
2177
3908
6216
7681
7272
4670
2272
1125
877
817
755
689
685
673
672
627
599
615
596
584
598
662
754
883
1010
1061
1011
925
897
877
824
736
590
481
443
392
357
323
291
257
240
236
216
222
204
192
169
157
159
175
223
302
449
678
908
1092
1158
1040
809
534
312
196
138
112
95
99
85
94
80
97
108
98
87
130
112
91
98
113
102
118
138
155
167
161
147
133
123
111
100
83
74
70
61
57
61
52
50
56
58
73
95
90
97
95
78
76
69
68
54
53
50
46
44
51
56
46
40
46
45
41
44
41
42
49
54
67
68
71
70
78
76
74
73
75
68
65
61
57
58
59
59
63
59
61
71
65
52
47
46
44
45
41
34
35
34
24
27
22
18
18
14
18
22
17
25
28
38
51
69
101
124
131
129
115
109
97
68
47
41
37
28
16
11
17
12
16
13
11
5
11
14
8
5
5
10
11
7
6
5
7
9
0
