0
0
2520
7176
3892
4004
4006
4097
4348
4954
5399
5220
5244
5161
7076
6816
4848
4244
4263
4013
4078
3964
4120
4001
3464
2926
2425
2467
2473
2464
2433
2356
2425
2309
2196
2392
4127
7228
10400
9747
5831
2432
1513
1665
1950
1956
1653
1388
1838
3463
6176
8033
8152
5351
2616
1222
918
856
798
713
713
692
706
668
591
659
614
603
601
648
766
848
1052
1107
1100
948
923
928
866
806
643
505
471
414
378
342
310
270
249
253
218
239
208
207
178
158
169
159
219
276
402
627
925
1089
1271
1129
908
599
328
211
144
119
96
108
86
100
82
100
113
103
81
142
118
91
97
129
94
123
145
160
181
164
157
130
137
106
114
77
77
74
60
55
70
49
53
60
60
78
103
90
104
97
76
79
68
73
50
58
49
46
45
60
58
39
44
53
40
48
45
38
53
45
71
66
79
66
83
77
82
69
85
69
71
64
58
59
67
53
71
64
53
79
77
48
51
48
42
50
44
33
39
39
20
31
21
18
20
14
21
25
16
29
32
43
57
79
116
137
137
131
110
117
87
54
43
42
34
20
10
19
12
17
14
12
6
12
16
9
5
5
12
11
7
6
5
10
11
14
7
3
9
9
5
4
4
191
