0
0
2473
7332
3861
3990
3932
4007
4364
4985
5398
5216
5174
5053
7296
6967
4720
4287
4288
4228
3982
3945
4074
3985
3492
2794
2645
2410
2437
2484
2489
2449
2322
2343
2230
2458
4150
7187
10374
9715
5752
2452
1560
1587
1893
1933
1632
1330
1955
3421
6008
8269
7987
5491
2693
1223
900
849
811
682
742
724
708
662
645
635
663
628
650
642
746
827
1068
1063
1046
897
845
856
858
803
684
589
505
425
360
375
310
267
238
232
233
199
203
197
197
199
170
188
182
275
415
592
898
1074
1210
1105
872
585
357
211
135
115
97
102
111
94
103
111
120
113
94
107
107
108
126
100
114
112
135
143
162
149
146
136
121
101
89
83
83
51
70
68
57
49
56
52
57
73
85
85
106
86
83
78
65
66
72
59
69
51
48
53
55
49
34
55
51
49
50
57
54
58
52
69
62
86
86
97
86
72
66
70
77
61
67
64
49
70
75
70
64
52
60
66
60
67
49
34
47
34
37
35
36
25
28
25
30
22
18
16
14
20
23
46
59
65
81
118
142
135
120
119
95
77
43
47
32
15
14
13
4
9
9
15
9
8
12
4
12
14
11
9
8
10
6
8
6
5
5
4
4
12
1
3
2
205
