0
0
0
0
0
0
0
0
1772
5939
4456
3867
3822
3874
4180
4715
5108
5098
5009
5300
6396
6406
5090
4269
4143
4060
3908
3857
3906
3784
3335
2770
2544
2353
2364
2407
2410
2361
2254
2252
2211
2733
4604
7495
9486
8282
5050
2536
1648
1640
1805
1760
1511
1546
2345
4075
6389
7799
6983
4524
2190
1093
858
811
750
677
714
696
671
636
623
625
627
619
625
667
750
903
1012
1023
947
857
827
829
808
731
627
538
459
387
352
338
284
248
228
224
213
193
194
190
190
180
172
179
217
323
473
703
929
1090
1113
971
730
484
296
180
127
105
96
100
101
94
101
109
114
104
94
103
103
109
115
100
110
115
131
143
151
145
139
128
112
96
86
82
69
61
63
63
55
51
52
52
58
70
80
86
96
85
81
75
64
63
69
57
65
50
47
50
52
47
37
48
51
48
48
52
54
54
54
59
65
75
84
88
86
75
67
65
69
66
62
63
54
59
70
69
65
56
54
61
61
61
55
41
39
38
34
33
34
30
26
25
26
26
21
18
16
15
18
27
45
57
63
82
115
136
130
116
116
94
75
45
44
32
18
14
13
6
6
8
11
11
8
9
8
6
11
12
10
8
7
8
5
7
5
0
