0
0
2526
7299
3775
3961
4047
4034
4395
4983
5473
5174
5068
5051
7049
6920
4744
4345
4369
4113
4186
3878
4282
3975
3383
2823
2596
2491
2461
2408
2430
2456
2410
2381
2309
2408
3992
7375
10379
9735
5695
2447
1540
1616
1817
2011
1612
1389
1900
3413
6006
8104
8122
5350
2556
1259
830
871
828
721
732
730
742
610
679
616
651
625
669
677
761
916
1035
1067
1033
944
928
824
892
848
662
550
449
368
347
263
284
246
257
264
231
208
206
191
189
200
181
182
228
282
398
578
924
1128
1250
1140
867
548
329
187
143
123
122
105
109
114
93
112
87
108
111
127
102
119
84
106
109
124
135
151
159
150
165
139
130
122
104
95
77
70
65
74
73
60
74
50
61
53
74
74
100
85
75
86
78
62
64
58
50
47
52
52
61
50
44
48
56
45
65
44
60
45
69
54
86
82
82
92
95
94
97
77
58
63
61
54
76
59
60
64
60
68
51
53
47
49
43
39
34
39
35
26
45
29
25
24
18
19
22
19
16
31
35
37
51
71
110
124
140
108
114
105
81
73
59
39
24
21
21
15
13
6
7
14
13
12
27
12
8
11
4
12
9
9
12
17
7
3
10
6
6
6
5
5
7
193
