0
0
0
0
0
0
0
0
1800
5901
4390
3823
3898
3914
4197
4714
5138
5076
4933
5213
6232
6332
5126
4320
4172
4060
3975
3897
4008
3805
3282
2774
2524
2416
2380
2330
2353
2373
2332
2296
2259
2645
4438
7415
9420
8376
5209
2626
1666
1614
1787
1789
1547
1531
2233
3904
6178
7719
7188
4586
2194
1127
811
833
777
699
708
709
680
618
631
612
617
623
644
685
786
914
1000
1017
970
917
861
829
843
761
611
504
413
350
314
258
266
240
249
247
217
202
196
185
186
186
178
192
235
310
439
668
928
1112
1155
1018
756
488
292
179
136
121
115
102
106
107
91
105
87
104
109
117
102
106
88
99
107
119
132
144
150
150
150
137
125
115
102
90
77
69
66
69
69
62
64
54
56
54
68
71
93
85
74
81
77
62
60
58
50
46
48
50
55
52
45
45
50
49
52
54
49
53
53
62
68
82
79
83
89
91
91
84
66
58
60
57
62
64
59
58
60
61
59
52
49
47
45
42
37
35
35
32
30
37
30
25
23
18
17
20
19
16
28
31
33
46
64
98
116
130
112
108
104
87
74
62
45
30
22
20
18
14
10
5
8
13
12
15
22
11
7
9
4
11
9
8
11
14
7
0
