0
0
0
0
0
0
0
0
1737
5922
4509
3859
3835
3823
4106
4666
4981
5001
4943
5259
6249
6268
5017
4225
4110
4038
3954
3913
3981
3852
3372
2733
2476
2366
2339
2404
2378
2291
2337
2265
2225
2679
4459
7381
9438
8509
5431
2755
1685
1640
1813
1800
1591
1554
2209
3810
6046
7650
7257
4879
2381
1153
805
808
789
752
698
677
684
656
620
592
590
598
631
665
756
884
976
1009
981
903
848
845
848
756
646
537
428
395
348
310
268
249
256
244
227
201
192
191
174
167
165
184
216
285
443
654
870
1062
1134
1025
789
522
336
202
152
120
94
108
100
98
114
97
97
85
116
104
117
106
103
106
103
118
137
135
139
145
146
137
126
108
92
87
76
69
65
62
60
58
56
67
70
71
68
88
89
98
92
87
70
63
72
59
47
43
47
54
54
53
55
51
49
49
39
42
46
49
53
60
68
77
74
81
80
83
76
67
64
57
57
59
61
62
59
56
57
57
55
54
57
60
61
53
41
37
37
35
31
32
33
29
31
22
20
17
16
20
24
31
34
46
62
76
97
114
132
125
105
90
70
52
35
23
22
14
13
11
15
10
11
4
9
8
8
5
8
10
6
10
8
5
9
8
5
0
