0
0
2440
7383
3906
3975
3965
3941
4302
4988
5224
5165
5076
5139
7108
6801
4589
4284
4263
4162
4089
3987
4184
4041
3503
2747
2549
2440
2415
2486
2463
2358
2432
2347
2252
2462
4113
7398
10501
9751
5844
2529
1525
1626
1919
1950
1674
1428
1925
3444
5951
8060
8023
5547
2717
1270
833
838
822
789
727
692
720
680
660
592
632
583
669
659
738
892
1014
1048
1051
944
879
854
912
810
690
588
448
419
368
331
282
257
267
255
243
211
192
210
176
177
166
178
223
245
402
640
859
1085
1235
1111
888
545
373
203
161
129
93
114
104
101
119
101
104
81
127
102
128
107
105
115
100
119
155
130
149
146
163
132
140
106
91
96
73
70
68
63
63
58
58
73
74
73
69
97
90
105
93
88
67
65
80
52
47
43
55
58
53
58
55
48
58
41
43
46
51
51
63
63
84
72
86
80
87
88
67
73
56
59
62
65
66
66
52
63
57
56
57
59
64
66
57
39
40
38
37
31
35
36
29
34
20
22
16
16
24
27
37
38
53
72
85
112
125
147
115
103
83
59
45
23
26
15
14
12
16
11
12
5
10
9
10
5
10
12
6
13
7
4
13
7
5
9
3
7
3
5
5
5
7
199
