0
0
2437
7327
3694
3971
3920
4040
4466
4884
5381
5242
5125
5078
7163
6914
4716
4257
4245
4220
3948
4149
4154
3992
3490
2740
2599
2485
2497
2489
2451
2508
2483
2329
2217
2453
4244
7065
10428
9830
5851
2438
1541
1647
1946
1915
1538
1397
1781
3381
6058
8271
7942
5528
2700
1288
935
774
797
712
726
665
706
631
678
614
599
583
621
645
735
836
1019
1127
1075
941
860
959
854
759
629
565
487
368
404
317
299
284
283
226
236
231
202
182
173
174
171
196
202
262
354
633
896
1174
1255
1076
891
521
333
186
135
127
100
102
100
91
94
118
121
104
117
116
130
117
108
97
105
139
149
152
144
141
156
142
115
102
109
85
74
84
70
54
57
60
63
69
63
75
60
94
85
87
85
67
74
73
58
64
57
44
60
45
48
60
62
41
47
51
49
56
58
55
56
73
65
82
88
109
90
74
70
94
62
63
56
60
63
71
71
67
64
58
53
58
81
53
56
32
37
42
30
26
43
27
27
22
17
18
20
21
15
22
26
48
53
75
103
94
133
114
116
101
86
63
59
29
23
17
15
15
16
12
19
13
7
6
13
10
15
12
11
10
12
9
8
10
11
4
14
5
9
6
9
4
6
208
