0
0
0
0
0
0
0
0
1737
5902
4334
3815
3802
3892
4243
4661
5062
5098
4987
5262
6298
6357
5095
4244
4108
4038
3925
3971
3991
3811
3344
2729
2517
2414
2415
2408
2374
2424
2387
2249
2198
2715
4527
7284
9426
8478
5300
2647
1674
1670
1825
1738
1498
1488
2159
3890
6253
7784
7113
4746
2310
1170
871
752
752
691
688
654
660
628
632
594
576
579
605
655
739
868
1007
1058
995
894
875
882
801
697
593
525
438
363
367
301
285
274
259
220
227
216
191
175
169
167
174
188
216
280
437
678
940
1131
1139
996
752
477
292
176
132
117
97
97
95
88
94
114
115
101
113
115
122
112
103
96
108
131
142
145
140
140
145
133
113
103
97
85
77
75
67
56
54
57
60
64
62
69
62
86
83
82
83
67
69
71
59
60
57
46
53
48
45
53
58
48
42
46
49
50
54
55
54
61
67
70
83
94
96
80
70
78
75
60
58
56
58
63
67
67
64
60
55
53
63
65
56
46
35
35
37
30
29
35
28
26
22
17
16
18
19
15
20
23
42
49
68
93
93
119
115
111
102
89
69
59
40
25
20
16
14
14
14
13
17
11
6
6
12
9
14
11
10
9
10
9
8
8
9
0
