0
0
2449
7252
3810
3987
4004
3951
4395
4968
5413
5273
5149
5069
7194
6881
4844
4316
4299
4251
4016
4157
3952
4048
3479
2806
2504
2475
2429
2409
2555
2404
2331
2313
2320
2476
4063
7256
10344
9693
5833
2406
1467
1582
1926
1954
1649
1419
1965
3421
5893
8168
8052
5437
2665
1226
872
864
796
759
721
668
733
699
677
644
612
670
660
696
743
855
1053
1112
1019
899
888
934
898
777
674
543
463
404
356
314
246
247
246
283
242
218
211
176
186
159
157
173
207
268
399
604
839
1123
1261
1111
904
534
345
224
138
105
105
119
96
105
95
94
95
109
108
117
92
103
109
99
95
105
148
161
156
170
149
153
110
122
89
75
85
46
68
65
68
57
67
59
64
69
84
88
82
91
103
92
63
64
62
58
63
61
44
60
35
55
42
44
51
38
64
63
51
44
63
81
80
81
95
91
102
94
70
59
70
61
58
62
63
59
83
70
65
54
61
67
76
53
37
50
47
30
36
19
35
30
19
27
20
19
20
21
15
23
26
47
45
72
95
110
154
133
130
108
77
66
49
34
29
22
13
12
20
5
9
8
14
8
12
12
11
3
6
7
13
9
13
6
10
5
8
9
8
8
2
7
5
202
