0
0
0
0
0
0
0
0
1746
5852
4406
3852
3872
3845
4181
4705
5112
5128
5009
5274
6312
6369
5152
4318
4158
4081
3972
3954
3886
3805
3349
2760
2451
2395
2353
2340
2465
2324
2259
2241
2274
2714
4501
7412
9408
8353
5193
2564
1605
1626
1821
1786
1563
1580
2305
3936
6189
7744
7100
4602
2234
1102
842
820
762
726
684
663
698
671
646
614
616
640
654
688
759
897
1022
1032
947
877
879
887
826
719
610
500
429
376
331
284
238
239
248
262
227
209
193
174
170
155
158
178
221
306
456
660
905
1113
1146
1009
750
478
305
196
128
103
104
107
94
99
92
91
94
105
105
108
91
99
102
95
94
111
141
153
156
156
149
134
118
106
88
78
69
57
60
64
63
60
61
59
61
66
79
84
80
87
98
90
62
61
61
57
60
59
46
53
40
46
45
42
46
43
52
60
54
46
54
70
78
78
85
91
93
93
78
63
62
63
58
57
59
59
68
73
66
58
56
60
67
63
47
42
45
40
32
29
25
30
27
21
23
20
19
18
19
16
21
25
43
44
67
90
103
143
131
126
109
82
66
53
37
30
24
16
12
15
12
5
8
9
11
8
11
11
8
2
5
7
12
8
11
5
8
0
