0
0
0
0
0
0
0
0
1743
5811
4367
3943
3903
3878
4235
4671
4979
5098
5082
5342
6408
6469
5200
4307
4172
4098
3920
3864
3926
3793
3327
2807
2523
2433
2359
2236
2376
2361
2338
2276
2182
2677
4469
7372
9340
8396
5247
2593
1628
1651
1818
1753
1528
1528
2274
4012
6248
7698
7027
4550
2261
1163
801
809
751
723
715
686
675
635
581
581
589
583
600
644
740
892
1012
1037
964
888
873
890
870
754
609
516
439
382
330
287
270
252
238
224
225
230
201
171
166
159
162
173
217
305
450
695
953
1145
1174
1010
745
488
293
182
130
100
101
106
96
94
110
111
102
97
104
114
120
108
91
96
115
122
125
130
146
150
145
129
112
105
96
84
79
73
60
58
68
64
56
58
54
54
66
85
88
77
72
71
63
69
61
66
56
53
53
47
45
42
43
45
44
39
35
37
46
54
53
51
63
73
81
92
98
94
75
67
68
61
59
63
66
59
61
70
64
57
59
64
58
54
51
49
48
38
35
36
31
28
24
17
16
15
17
18
19
20
19
32
51
55
58
92
117
121
124
118
106
99
77
58
42
30
23
19
14
13
16
13
8
12
9
10
9
8
7
9
4
4
10
13
10
6
8
0
