0
0
2445
7195
3774
4118
4009
3991
4463
4916
5213
5291
5267
5092
7339
6967
4934
4211
4383
4252
3994
3949
4110
3992
3443
2863
2586
2515
2444
2301
2454
2439
2419
2378
2185
2459
4008
7279
10166
9793
5885
2442
1477
1623
1935
1912
1607
1396
1859
3512
6004
8120
7973
5364
2670
1326
822
853
784
747
749
711
702
683
595
597
611
610
588
662
692
873
1035
1101
1045
915
889
916
933
845
658
561
474
411
358
303
284
265
251
233
228
245
223
177
172
169
153
187
174
293
376
609
922
1148
1289
1143
863
564
342
192
148
101
102
115
101
94
114
116
106
101
107
117
127
116
92
93
120
126
133
123
156
156
149
144
107
113
101
86
78
86
56
55
77
69
53
64
54
55
68
91
92
78
74
74
64
73
62
70
55
56
54
47
48
42
47
47
46
37
37
40
52
62
49
54
75
77
88
102
106
92
64
77
66
60
62
70
71
52
73
76
57
57
68
67
50
59
45
57
40
33
44
31
28
29
15
19
14
19
18
21
21
17
35
55
58
62
99
124
128
130
120
107
101
72
54
39
25
22
18
11
17
18
7
14
10
11
10
9
7
12
5
3
11
14
12
7
10
6
6
6
8
7
5
8
5
239
