0
0
0
0
0
0
0
0
1692
5818
4393
3961
3871
3823
4081
4667
5034
5081
5007
5297
6313
6361
5110
4306
4154
3988
3907
3889
3930
3797
3294
2789
2503
2333
2402
2328
2385
2285
2278
2303
2274
2723
4469
7365
9382
8402
5309
2658
1640
1620
1785
1767
1572
1550
2221
3876
6184
7736
7220
4764
2309
1130
800
782
777
748
711
668
667
639
628
626
614
610
613
660
741
847
981
1051
996
903
874
885
837
711
605
518
404
380
375
308
277
255
232
238
235
228
196
177
166
154
166
197
240
305
460
680
928
1138
1172
1037
795
509
306
190
144
119
109
100
95
96
94
79
106
114
112
110
97
98
107
110
106
109
134
158
169
172
160
134
120
115
103
88
72
63
59
59
57
57
56
57
59
70
74
73
93
71
73
70
80
57
62
53
53
49
46
48
47
40
41
51
51
49
54
51
51
55
59
61
71
80
90
97
87
89
74
58
57
61
63
66
66
57
59
66
68
59
54
55
54
50
47
44
40
40
39
33
31
30
26
25
19
20
19
18
19
23
24
30
31
50
62
84
95
126
140
134
104
87
72
54
38
24
17
17
13
17
17
17
12
10
9
12
7
13
9
14
5
9
8
7
6
7
6
0
