0
0
2375
7233
3801
4138
3964
3939
4259
4989
5287
5255
5142
5139
7169
6920
4717
4329
4383
4010
4075
3968
4108
4012
3385
2846
2581
2388
2491
2404
2470
2359
2348
2400
2302
2511
4074
7291
10375
9678
5849
2463
1492
1599
1892
1900
1674
1414
1904
3388
6020
8145
8081
5523
2694
1258
830
809
808
779
751
685
700
664
644
657
632
630
633
639
755
822
980
1118
1081
937
886
922
912
771
639
579
428
389
409
328
292
272
238
247
242
247
209
180
183
152
169
185
243
277
389
653
876
1171
1289
1121
928
560
344
197
154
123
114
104
99
100
101
77
109
118
116
115
100
101
112
115
111
103
138
167
178
178
175
134
120
125
103
96
69
67
58
64
56
62
55
61
60
76
78
75
100
70
78
71
86
54
68
50
58
47
49
51
48
37
46
60
44
59
53
52
54
61
58
67
82
81
110
89
93
90
63
55
64
66
68
73
63
52
73
70
72
47
60
57
51
49
46
41
43
43
33
35
31
26
28
18
22
19
20
19
25
24
34
30
57
68
93
102
143
147
134
94
87
65
48
32
17
21
13
18
18
19
13
11
9
15
6
14
9
16
6
11
8
7
6
9
6
8
7
10
2
9
7
5
7
222
