0
0
0
0
0
0
0
0
1695
5958
4419
3932
3888
3826
4127
4730
5097
5026
4953
5217
6239
6349
5103
4324
4198
4030
3897
3844
3932
3791
3334
2788
2486
2385
2378
2386
2362
2295
2334
2337
2292
2759
4526
7316
9387
8449
5288
2640
1650
1667
1859
1808
1567
1555
2222
3835
6101
7751
7238
4732
2272
1146
846
777
741
688
663
670
694
663
638
594
589
623
634
675
760
882
987
1016
979
897
829
836
832
726
608
493
419
358
314
286
274
266
245
234
215
225
205
181
178
180
166
169
200
284
452
679
928
1127
1167
1019
759
484
295
195
144
123
115
110
98
94
97
104
96
104
93
107
107
105
117
112
108
112
124
146
154
154
148
139
126
113
97
82
71
70
71
67
62
60
63
62
55
56
74
78
88
78
86
84
61
66
46
47
55
56
48
46
48
44
43
44
46
47
38
44
54
48
50
58
66
76
84
91
87
85
70
62
57
57
60
55
58
56
55
57
57
59
66
75
71
58
47
44
44
40
41
35
27
32
30
24
22
20
15
15
16
23
24
35
48
49
65
95
109
128
126
115
102
89
77
60
45
32
26
23
20
17
13
8
8
9
8
10
16
12
12
7
8
8
10
9
12
9
9
0
