0
0
2379
7423
3783
4102
3996
3932
4325
5048
5389
5108
5153
5008
7081
6970
4652
4389
4409
4088
4050
3880
4155
3970
3456
2837
2549
2458
2457
2466
2444
2366
2414
2434
2320
2523
4201
7190
10338
9828
5757
2469
1473
1655
1967
1992
1624
1438
1899
3391
5873
8169
8115
5494
2644
1263
892
809
779
718
688
678
733
686
672
628
574
657
648
667
755
865
1021
1068
1037
962
850
840
908
781
667
533
451
383
333
299
284
281
255
251
217
238
222
187
181
191
179
153
208
227
412
621
904
1147
1280
1126
871
540
319
211
150
129
118
115
102
98
101
108
99
109
95
112
111
104
125
115
111
117
119
159
160
164
148
152
124
125
94
89
65
78
72
70
63
61
69
63
55
57
81
82
93
78
91
85
59
72
42
52
60
56
46
50
50
42
49
43
55
45
32
60
52
45
59
61
78
79
98
89
95
80
65
61
54
67
58
52
71
46
67
53
66
57
85
76
64
46
47
49
39
45
41
21
38
30
24
22
20
15
17
18
25
25
39
53
50
73
107
116
140
127
115
100
87
74
54
40
27
26
21
19
16
9
9
10
9
10
17
13
13
8
9
8
12
9
14
9
11
11
5
6
11
3
4
5
5
230
