0
0
0
0
0
0
0
0
1695
5970
4416
3830
3902
3971
4228
4754
5145
5149
4983
5308
6372
6424
5163
4294
4090
4015
3940
3896
3955
3814
3363
2791
2504
2405
2372
2409
2416
2323
2308
2306
2231
2693
4514
7478
9373
8290
5202
2612
1631
1628
1810
1763
1512
1489
2207
3904
6190
7732
7067
4647
2251
1076
838
808
759
726
726
716
661
634
605
592
584
579
631
691
760
870
1000
1058
978
878
863
861
789
701
610
489
431
367
324
291
287
283
259
234
228
190
182
174
188
184
175
181
211
285
445
674
914
1105
1158
1001
724
485
307
188
143
116
95
97
105
94
106
114
111
108
102
106
103
101
93
103
113
117
129
144
149
153
148
139
128
117
109
91
73
63
59
58
61
63
65
56
58
56
62
86
95
92
61
82
58
58
64
52
60
50
42
48
54
47
43
48
48
50
53
47
45
50
50
55
57
70
83
82
79
74
61
62
68
70
63
58
64
69
61
53
57
56
62
70
60
58
59
51
43
35
33
31
23
24
29
23
23
22
17
22
23
23
24
29
41
55
65
80
101
110
121
115
113
94
67
53
40
31
20
14
14
11
12
14
11
9
7
9
14
13
10
6
7
8
10
10
2
4
4
0
