0
0
2378
7434
3772
3967
4048
4109
4405
5039
5428
5326
5041
5192
7198
7013
4781
4346
4185
4158
4068
3961
4153
3998
3504
2834
2571
2480
2446
2488
2502
2398
2380
2410
2250
2464
4033
7398
10299
9590
5827
2494
1485
1596
1905
1948
1593
1352
1815
3390
5888
8187
7972
5477
2693
1188
871
847
796
750
748
758
689
663
634
604
622
575
624
705
750
847
994
1123
1085
900
876
913
860
736
689
521
470
394
350
301
297
300
280
238
254
197
196
171
198
192
185
171
210
242
378
606
879
1103
1255
1155
832
541
368
196
154
128
97
98
113
96
108
118
115
112
106
110
107
109
95
104
119
120
129
153
151
161
160
137
147
106
128
91
76
62
63
55
66
64
75
53
63
56
63
92
100
97
61
86
58
61
68
51
65
48
42
53
59
44
45
54
47
55
58
39
56
45
59
53
61
83
92
76
92
64
62
68
74
71
59
60
74
70
56
52
68
51
79
72
47
74
51
48
38
32
38
22
21
35
22
25
23
16
24
23
25
25
30
44
58
70
85
108
117
127
117
116
92
61
51
37
30
14
17
12
12
16
13
10
8
8
15
14
12
7
8
9
11
12
3
5
4
10
7
6
11
5
7
2
8
202
