0
0
0
0
0
0
0
0
1709
6032
4461
3841
3859
3932
4158
4758
5027
5050
4994
5281
6289
6317
5067
4260
4065
3935
3910
3917
3990
3779
3370
2768
2434
2367
2337
2367
2391
2323
2351
2315
2336
2718
4538
7508
9523
8451
5206
2559
1628
1638
1772
1753
1552
1514
2286
3978
6183
7731
7051
4553
2200
1150
857
801
740
712
689
673
732
691
620
611
607
607
616
663
757
877
964
1003
972
889
842
857
807
675
584
512
459
401
357
311
289
272
243
241
211
208
206
173
171
171
184
193
223
298
461
707
940
1093
1118
1005
759
476
284
185
131
105
109
126
104
96
87
100
87
110
117
119
107
107
123
101
106
112
133
156
159
161
160
142
122
110
98
85
76
70
68
67
64
62
57
57
62
72
75
82
88
88
95
77
71
73
73
62
38
50
54
42
43
49
46
37
40
50
44
43
47
51
55
55
63
76
93
93
86
88
71
58
57
65
67
60
72
76
71
59
52
58
62
53
52
55
48
47
50
48
41
32
27
22
19
23
22
20
13
12
15
20
23
31
41
36
64
95
123
130
144
132
96
96
68
48
43
31
23
17
18
17
11
10
9
7
9
10
8
6
12
9
9
4
7
9
7
6
6
0
