0
0
2397
7512
3808
3968
3991
4074
4310
5105
5221
5231
5129
5113
7107
6897
4670
4323
4222
3972
4101
3950
4246
3903
3545
2811
2485
2445
2410
2443
2473
2395
2435
2385
2403
2463
4065
7345
10418
9869
5858
2405
1490
1625
1881
1847
1724
1323
1877
3507
5839
8169
8013
5416
2612
1287
899
846
774
738
727
671
759
752
633
639
617
638
613
666
725
875
985
1039
1048
948
858
870
910
724
633
545
497
429
388
331
301
296
248
263
221
208
231
177
182
170
187
201
204
270
375
633
915
1111
1202
1113
915
558
316
208
143
110
100
142
109
104
85
109
84
112
121
125
112
104
137
101
111
113
128
167
164
163
175
149
127
110
110
85
80
71
71
72
63
70
57
59
63
78
78
86
92
89
101
79
73
77
75
65
36
55
58
39
46
54
46
34
44
60
35
52
44
62
50
64
65
85
110
84
96
90
60
59
57
77
64
60
87
73
73
50
56
66
67
42
63
54
42
55
50
47
34
29
24
15
26
22
22
13
14
16
22
24
33
44
36
69
101
131
137
151
134
93
104
60
46
44
27
21
15
22
13
11
10
8
10
11
11
4
13
10
12
5
8
10
8
7
7
6
6
5
6
4
7
4
5
209
