0
0
0
0
0
0
0
0
1731
5942
4451
3756
3890
3799
4040
4631
5014
5105
5044
5230
6202
6392
5233
4336
4140
4046
3909
3912
3960
3819
3328
2746
2550
2406
2488
2420
2376
2319
2327
2331
2219
2706
4396
7253
9338
8425
5346
2702
1650
1614
1791
1768
1559
1507
2118
3777
6086
7689
7318
4817
2392
1142
840
819
856
727
723
689
661
627
608
612
616
614
624
646
717
862
996
1014
959
901
861
867
866
780
623
508
463
356
320
272
277
263
248
228
214
219
211
180
166
164
169
190
217
276
424
659
922
1110
1161
1044
780
506
334
207
144
108
118
117
122
91
90
95
96
95
102
103
109
98
101
105
109
115
131
146
155
159
155
131
108
101
91
80
77
76
62
57
53
55
70
61
54
59
72
70
77
87
88
80
63
58
56
49
51
50
51
54
52
48
47
50
45
44
50
56
49
49
46
60
71
72
75
87
89
79
65
58
55
62
66
66
64
65
61
59
58
56
57
63
61
57
54
50
49
47
45
44
33
28
23
25
21
20
15
16
15
18
22
30
47
63
70
71
89
116
119
112
107
91
70
55
41
31
26
20
21
11
11
11
11
15
5
10
10
9
9
12
11
5
4
8
6
6
7
0
