0
0
2431
7411
3820
3862
4069
3878
4228
4955
5270
5294
5223
5025
7021
6984
4908
4322
4282
4215
3957
4056
4129
4018
3441
2762
2641
2468
2580
2503
2458
2394
2402
2452
2207
2534
4043
7236
10380
9694
5742
2499
1481
1597
1904
1917
1631
1417
1797
3376
6003
8072
8144
5460
2743
1249
875
833
917
750
758
716
692
652
625
628
649
621
653
646
705
830
1049
1084
998
951
878
892
915
854
676
530
508
375
345
280
290
274
261
239
219
227
232
186
169
171
170
185
229
238
383
607
923
1156
1241
1156
874
526
371
213
155
105
125
119
131
95
94
99
101
98
107
104
119
98
108
108
115
116
138
153
166
161
175
130
104
109
92
78
81
84
56
62
52
57
80
59
55
64
79
71
84
93
94
79
60
62
56
48
57
48
57
55
53
45
56
47
45
45
63
50
56
42
55
74
76
70
89
94
93
65
70
47
69
65
76
60
74
62
61
58
62
50
74
63
58
57
49
54
47
46
49
31
28
23
27
21
20
14
19
14
21
25
36
56
71
76
73
106
131
118
114
107
81
63
48
34
29
20
25
12
12
12
12
17
6
11
10
10
10
14
12
4
6
10
5
9
7
5
12
3
7
6
7
8
5
206
