0
0
0
0
0
0
0
0
1773
5868
4345
3797
3850
3915
4126
4627
5051
5137
5042
5311
6304
6387
5189
4313
4108
4018
3948
3897
3928
3864
3352
2785
2552
2445
2353
2398
2377
2305
2317
2290
2251
2644
4411
7381
9431
8389
5307
2698
1643
1626
1834
1800
1542
1520
2233
3879
6171
7785
7259
4778
2348
1125
847
767
768
723
676
694
685
658
611
590
613
636
653
670
721
859
979
1009
965
875
842
873
849
738
609
479
430
393
338
285
265
230
239
222
206
194
179
174
179
160
150
165
198
276
424
646
912
1083
1119
1023
791
521
302
177
129
114
121
96
81
104
95
104
84
94
108
106
98
118
113
106
99
105
127
152
153
155
155
138
113
98
96
95
81
70
65
68
64
60
62
61
72
79
70
72
98
80
77
77
66
57
53
58
49
46
53
51
48
55
54
49
46
49
54
49
50
56
58
59
69
71
81
77
68
69
64
55
52
58
64
66
60
58
60
60
59
60
58
57
56
53
50
46
44
38
35
35
32
29
28
29
23
20
19
17
16
15
21
34
42
52
63
86
109
121
126
119
112
96
73
53
37
26
23
23
12
6
9
13
16
15
9
8
13
6
9
6
7
9
10
8
8
7
3
0
