0
0
2490
7266
3711
3945
3990
4058
4291
4908
5339
5325
5160
5172
7127
6936
4868
4307
4260
4121
4094
3987
4070
4110
3454
2818
2628
2528
2426
2479
2459
2379
2399
2376
2297
2415
4005
7312
10485
9648
5766
2575
1462
1591
1943
1985
1616
1365
1920
3435
5990
8214
8115
5502
2738
1234
896
793
802
763
692
721
712
695
643
593
630
657
670
692
705
815
1040
1042
1047
919
842
901
922
795
676
509
453
421
367
297
287
235
251
234
214
204
190
170
197
167
152
157
201
229
392
573
891
1146
1170
1141
893
587
336
184
136
111
134
104
79
109
98
111
87
96
113
112
95
127
116
111
100
108
119
176
149
167
161
152
112
98
99
106
79
73
62
77
63
63
66
61
78
85
71
76
107
78
81
81
65
57
54
62
46
50
59
48
51
63
51
51
43
59
52
47
56
64
51
74
67
83
89
69
74
68
64
48
62
61
75
64
57
65
63
59
66
58
57
63
51
56
44
50
39
34
40
33
29
31
30
22
20
21
17
16
14
24
39
46
57
70
96
120
131
131
119
113
91
63
46
31
22
28
16
7
9
13
17
17
10
7
15
7
10
7
9
11
12
8
10
7
3
3
5
5
10
4
9
5
1
226
