0
0
2452
7333
3695
3977
4056
3978
4427
5020
5294
5174
5230
5104
7080
6814
4648
4193
4274
4128
4093
4161
4201
3928
3555
2757
2571
2476
2525
2480
2420
2397
2480
2336
2276
2455
4113
7329
10354
9787
5810
2501
1437
1600
1951
1949
1634
1355
1903
3443
5958
8282
8005
5423
2778
1253
928
827
823
728
754
752
708
664
681
608
614
615
614
616
715
880
958
1091
1062
913
907
935
887
773
689
546
446
396
340
327
290
272
269
220
238
225
198
177
194
191
162
166
189
242
385
635
870
1119
1196
1090
878
577
358
205
154
127
124
112
86
90
104
106
103
99
115
117
112
104
97
113
104
118
150
160
170
172
146
128
111
98
94
103
75
69
59
69
75
64
69
69
65
66
72
80
104
95
76
91
72
60
64
55
57
61
46
51
57
58
53
54
46
40
49
57
57
62
73
52
70
81
76
80
93
83
72
63
46
44
60
67
58
50
64
65
65
65
51
59
72
49
58
36
41
29
26
24
36
23
23
26
27
19
26
16
16
23
43
45
69
62
95
98
138
114
126
120
90
53
45
35
31
19
16
17
12
11
6
11
7
9
13
5
11
13
12
7
7
4
9
10
7
9
8
7
10
10
6
3
6
198
