0
0
0
0
0
0
0
0
1746
5908
4347
3819
3906
3874
4205
4729
5038
5047
5027
5289
6239
6273
5024
4198
4086
4025
3981
4017
4010
3790
3381
2747
2497
2406
2439
2398
2341
2326
2377
2263
2240
2688
4485
7373
9399
8453
5332
2662
1621
1628
1828
1788
1542
1512
2224
3873
6170
7800
7166
4727
2383
1147
878
799
776
709
728
717
675
650
634
597
592
594
595
632
741
860
967
1029
977
897
887
887
824
727
629
502
418
369
326
307
276
263
248
216
226
211
187
177
184
175
161
167
198
279
445
666
901
1077
1111
995
774
521
321
197
146
124
119
104
83
89
100
102
99
97
110
112
108
100
97
105
104
119
141
154
162
159
142
123
108
97
93
91
78
66
61
64
69
65
65
66
63
62
68
76
96
93
77
85
73
60
60
56
54
57
50
47
52
55
54
51
48
42
43
50
55
57
62
61
58
71
76
75
82
85
76
66
54
45
49
58
60
54
54
59
61
62
58
54
59
60
54
49
39
36
29
26
25
30
24
22
24
25
19
24
17
15
20
37
41
61
62
83
92
120
118
117
119
98
67
47
39
32
25
17
15
15
11
9
6
10
6
8
11
5
10
12
12
7
6
4
7
8
7
0
