0
0
2413
7242
3926
3972
4091
4039
4320
4937
5220
5361
5179
5009
7184
6960
4766
4328
4256
4136
4080
3937
4085
3974
3412
2763
2507
2496
2456
2483
2453
2419
2481
2383
2369
2425
4100
7200
10218
9763
5756
2485
1463
1599
1858
1960
1672
1382
1860
3468
5900
8291
7980
5496
2703
1296
848
888
795
739
737
702
725
710
666
661
588
646
619
694
713
870
1024
1050
1054
863
881
979
944
764
667
572
447
419
354
308
287
273
256
219
221
206
230
204
194
163
162
166
180
256
402
635
885
1150
1262
1170
828
538
336
189
156
118
124
109
87
98
114
115
100
90
95
113
97
120
104
83
106
116
145
152
176
164
162
131
117
99
108
90
79
72
73
70
75
66
66
63
77
76
90
105
106
76
77
77
73
63
61
46
53
45
50
57
58
61
48
48
50
35
58
44
43
47
61
61
96
98
99
94
87
74
96
69
53
65
51
70
53
64
49
61
69
71
60
53
66
53
41
48
54
40
49
24
25
28
35
27
20
9
18
14
24
31
29
31
50
78
106
105
153
140
130
106
91
58
48
30
18
22
9
13
10
15
16
4
10
10
12
9
7
11
15
6
11
4
13
5
6
8
9
6
12
5
7
5
7
216
