0
0
0
0
0
0
0
0
1718
5831
4497
3861
3932
3924
4141
4643
4989
5125
5038
5238
6283
6399
5154
4295
4115
4022
3934
3867
3902
3776
3298
2726
2450
2413
2379
2402
2373
2346
2385
2312
2302
2674
4428
7240
9284
8416
5323
2670
1635
1601
1784
1792
1574
1515
2195
3848
6112
7795
7182
4796
2349
1169
826
841
758
714
705
686
696
675
647
616
596
608
628
668
744
877
979
1013
950
861
883
927
860
719
622
522
426
390
332
294
274
260
239
211
209
206
213
197
179
161
157
163
198
288
450
669
913
1113
1174
1032
751
492
303
187
145
118
116
102
85
96
110
110
96
88
92
105
98
110
99
88
100
116
135
150
161
161
150
130
112
102
98
89
78
71
69
69
70
66
63
62
71
74
84
98
100
79
74
73
72
63
59
49
48
46
46
52
55
57
52
46
46
42
43
50
42
43
51
60
74
92
94
93
88
79
80
80
61
56
56
57
59
57
55
53
59
65
64
58
56
58
50
43
46
48
42
40
27
23
27
31
27
20
10
15
15
21
28
29
29
43
67
93
101
131
140
129
113
94
71
52
38
24
18
17
9
12
10
14
12
3
9
9
11
8
7
9
12
6
9
6
10
6
4
0
