0
0
2446
7278
3703
4087
4043
3944
4335
4906
5280
5175
5183
4995
7024
6965
4659
4344
4222
4190
4020
4053
4033
4172
3504
2893
2588
2487
2582
2453
2403
2458
2506
2358
2373
2537
4072
7367
10263
9799
5738
2424
1512
1658
1950
1930
1651
1398
1847
3310
6019
8177
8091
5451
2608
1220
857
849
817
748
666
695
705
672
646
623
610
654
626
687
759
847
979
1108
1079
940
914
920
865
781
697
567
467
394
360
316
280
276
243
224
203
218
193
200
159
179
214
169
188
264
369
633
908
1108
1236
1141
855
584
370
202
154
123
104
125
109
107
105
82
110
99
95
114
113
104
102
111
122
98
116
160
171
170
147
155
126
107
98
106
75
60
70
60
62
52
58
69
71
79
86
86
86
103
103
61
76
67
44
60
46
47
60
44
62
56
53
50
44
60
41
65
56
48
40
64
81
87
88
76
89
65
62
55
69
68
57
60
61
58
52
67
73
65
55
57
64
55
43
48
40
37
43
35
32
24
19
17
18
18
17
26
18
22
40
46
54
78
92
104
122
124
127
137
99
68
59
42
29
17
14
14
15
16
5
7
7
9
12
13
10
14
8
5
8
14
7
11
5
7
5
14
11
7
5
5
4
188
