0
0
0
0
0
0
0
0
1752
5892
4325
3910
3925
3849
4139
4644
5009
5044
4992
5224
6233
6325
5081
4268
4116
4032
3941
3915
3937
3895
3391
2832
2523
2427
2487
2373
2331
2385
2408
2293
2328
2774
4589
7532
9449
8329
5085
2527
1648
1684
1840
1775
1547
1539
2238
3971
6321
7775
7060
4515
2150
1084
828
813
771
703
653
675
673
644
619
600
608
619
633
690
766
869
992
1048
987
911
890
868
807
725
628
512
426
369
333
294
270
256
228
210
200
202
189
179
162
186
187
173
213
296
466
715
946
1113
1144
987
733
495
304
187
140
113
109
115
105
103
95
86
103
95
95
110
107
100
100
109
111
100
124
154
163
158
148
139
120
104
98
91
72
63
62
60
57
54
58
64
69
75
82
83
85
97
95
62
72
64
42
57
45
45
55
46
56
56
52
48
45
51
48
54
56
48
44
55
72
81
83
80
78
72
61
58
60
65
60
56
58
58
53
58
66
66
58
55
58
58
49
45
42
38
37
38
34
28
23
19
17
16
17
17
22
19
24
38
44
54
75
88
99
117
119
122
131
99
70
59
44
31
20
14
13
13
14
9
5
6
6
9
11
11
10
11
7
4
8
11
6
9
4
0
