0
0
2472
7291
3794
4052
3936
4027
4398
4978
5387
5377
5232
5171
7132
6716
4744
4190
4324
4174
3935
3965
4104
3983
3476
2871
2609
2527
2453
2478
2365
2353
2415
2427
2336
2508
4187
7171
10191
9655
5736
2524
1489
1584
1934
1938
1660
1415
1860
3455
5955
8116
8023
5412
2604
1262
889
882
830
740
753
753
678
701
671
642
630
608
674
688
721
879
1000
1102
1034
962
822
910
896
833
621
561
452
401
334
314
293
266
256
256
223
234
221
183
175
163
173
200
222
277
358
591
893
1139
1219
1155
913
535
318
197
162
131
91
106
95
130
99
111
127
97
103
90
113
115
106
107
102
115
138
157
153
165
170
124
113
104
105
91
89
56
72
59
54
64
60
47
71
79
70
97
84
107
91
79
81
58
76
66
43
64
47
63
63
59
53
55
58
29
52
52
53
45
77
74
74
77
88
91
95
73
65
84
66
57
64
62
68
85
62
49
77
64
71
58
69
62
55
51
54
42
37
26
27
39
28
30
17
20
23
14
25
21
31
38
66
75
99
134
127
128
120
104
66
60
48
42
24
19
12
16
13
10
12
12
9
7
6
10
11
8
6
9
5
12
9
8
9
7
3
12
5
3
7
5
1
187
