0
0
0
0
0
0
0
0
1760
5864
4408
3894
3831
3881
4192
4697
5099
5186
5094
5326
6256
6261
5051
4232
4116
4030
3869
3851
3920
3797
3359
2826
2542
2444
2376
2395
2290
2281
2332
2332
2299
2735
4469
7201
9214
8363
5336
2715
1653
1619
1810
1791
1577
1527
2180
3827
6074
7689
7223
4743
2279
1155
859
844
786
717
727
710
666
667
643
620
604
612
647
674
748
871
986
1029
984
892
837
868
850
749
592
518
426
373
320
299
278
256
247
240
219
222
204
178
167
161
174
196
229
286
412
639
901
1091
1147
1052
801
500
298
193
152
121
91
100
95
122
95
108
119
94
97
91
106
109
104
102
102
113
132
146
150
156
152
129
111
103
98
92
81
65
63
60
54
58
58
49
63
74
70
88
84
98
91
80
78
61
68
67
49
54
52
53
60
59
55
51
53
44
38
50
50
50
57
73
71
72
78
86
88
82
68
70
72
62
58
59
61
70
72
59
58
65
66
63
60
62
60
54
50
49
42
35
27
26
34
29
28
18
17
20
15
21
22
27
33
55
68
87
116
124
122
119
108
83
61
53
44
34
22
16
12
15
12
9
11
11
8
6
5
8
9
8
6
7
5
9
9
8
7
0
