0
0
0
0
0
0
0
0
1735
5775
4368
3892
3961
3951
4179
4699
5100
5090
5008
5339
6365
6377
5119
4258
4050
3944
3945
3973
3967
3765
3313
2795
2440
2434
2392
2298
2233
2281
2284
2295
2312
2718
4461
7368
9443
8373
5218
2595
1635
1648
1825
1796
1564
1532
2255
3942
6145
7751
7165
4613
2315
1141
843
775
748
717
737
670
674
640
630
594
582
605
622
661
743
867
991
1035
966
890
861
847
823
743
631
514
416
368
330
315
261
234
227
234
229
210
205
188
174
168
170
196
231
287
434
666
928
1132
1167
1018
788
549
331
203
143
114
109
102
101
84
90
100
99
117
104
118
116
115
114
100
109
119
139
156
157
149
147
144
137
121
104
91
81
66
56
54
60
58
59
52
49
61
69
69
87
90
75
73
72
45
48
53
49
58
55
53
47
47
54
56
52
46
40
43
46
53
59
63
72
81
90
90
88
86
70
57
54
58
60
58
57
59
61
55
56
61
62
58
56
58
59
48
41
41
39
35
33
32
31
30
24
22
29
18
19
16
28
30
42
58
65
86
108
119
119
118
107
92
80
58
37
29
27
18
15
22
17
9
9
9
12
11
4
5
9
3
7
6
7
5
6
8
6
0
