0
0
2434
7155
3789
4050
4106
4068
4357
4984
5406
5212
5151
5187
7245
6883
4784
4258
4220
3992
4110
4090
4151
3937
3428
2866
2476
2522
2476
2377
2305
2359
2359
2374
2366
2487
4071
7221
10502
9656
5761
2407
1469
1651
1907
1974
1648
1401
1870
3534
5905
8174
8090
5340
2715
1261
890
806
786
728
787
682
715
656
662
630
575
633
631
665
724
855
999
1106
1048
907
900
872
876
804
685
569
443
396
341
344
278
244
234
242
244
216
216
201
178
179
166
190
234
264
361
617
882
1166
1271
1134
869
638
367
218
155
115
114
104
110
86
93
104
99
123
106
123
119
117
125
96
116
119
142
167
167
150
154
147
149
123
110
90
91
62
57
53
68
56
66
51
49
67
74
70
94
94
75
75
75
42
52
56
49
65
53
57
44
51
61
55
56
40
45
46
49
62
57
74
76
93
95
91
93
83
61
55
58
65
59
58
60
66
61
50
66
67
58
57
56
70
50
40
44
42
35
34
33
31
32
23
20
35
17
21
16
31
29
47
63
70
94
118
128
121
123
104
91
79
47
31
29
25
11
23
21
10
10
10
13
15
5
6
11
4
8
7
9
5
8
10
6
7
7
5
7
8
6
2
6
244
