0
0
0
0
0
0
0
0
1594
5878
4409
3821
3893
3916
4162
4756
5175
5173
5009
5265
6264
6362
5177
4265
4071
4024
3920
3889
3980
3819
3267
2770
2510
2378
2439
2414
2370
2333
2306
2266
2240
2686
4559
7452
9407
8405
5288
2645
1653
1647
1838
1824
1559
1521
2278
3924
6122
7774
7168
4617
2271
1095
852
813
788
719
709
688
645
641
668
610
571
589
615
666
768
915
1020
1034
960
884
869
869
829
717
600
484
411
377
357
317
277
257
241
236
231
205
196
184
189
162
153
169
202
281
427
679
937
1089
1110
983
736
472
290
186
129
120
117
116
105
100
91
85
83
102
104
109
108
96
91
100
105
115
139
169
158
145
149
142
126
110
91
75
66
64
66
67
57
51
54
63
68
71
82
85
77
88
87
71
71
61
53
54
54
43
45
53
49
48
40
43
47
49
53
48
43
42
51
61
70
83
83
86
94
87
76
66
65
59
56
60
56
53
57
59
61
55
53
60
55
50
48
44
45
44
34
33
33
21
20
23
24
24
18
16
19
19
36
24
37
55
56
86
114
117
124
125
109
93
75
60
46
28
17
17
16
11
9
11
13
9
9
10
6
8
8
8
8
5
9
6
4
8
7
0
