0
0
2237
7353
3788
3952
4041
4039
4335
5070
5466
5336
5107
5117
7065
6910
4914
4201
4218
4176
4025
3956
4186
4039
3347
2827
2587
2437
2525
2496
2449
2411
2384
2347
2283
2417
4150
7361
10320
9737
5896
2499
1496
1636
1902
2020
1669
1343
1906
3497
5786
8198
8123
5403
2701
1205
893
841
837
744
736
721
678
633
720
647
584
585
649
635
763
872
1078
1078
1053
896
901
893
905
776
663
529
437
394
380
343
292
272
250
243
250
212
215
178
212
171
152
167
192
242
375
573
936
1116
1190
1103
857
542
317
213
130
124
119
123
109
106
95
89
81
106
107
113
115
101
90
106
107
118
129
191
166
141
159
155
125
120
91
79
66
68
67
77
56
52
55
68
72
73
87
90
77
93
89
72
76
62
54
57
55
42
49
58
47
54
34
53
45
56
55
45
43
40
64
60
83
92
76
103
92
89
69
70
65
57
59
68
48
61
59
65
66
46
64
67
43
58
41
47
52
34
31
43
18
21
25
25
25
18
15
21
17
41
24
40
59
59
94
123
121
131
129
107
93
70
59
42
20
16
21
13
10
10
16
10
10
12
7
9
9
9
9
6
10
7
4
10
7
9
5
7
13
10
11
7
8
195
