0
0
2413
7356
3802
4027
4011
3992
4405
4885
5198
5206
5144
5026
7132
7063
4646
4309
4362
4152
4051
3983
4139
4092
3437
2825
2466
2472
2462
2483
2415
2377
2382
2353
2317
2517
4084
7196
10287
9954
5867
2499
1495
1585
1958
1893
1626
1304
1837
3398
5918
8213
8070
5542
2647
1292
911
873
799
730
713
726
703
700
649
640
587
629
662
659
810
905
979
1097
1018
940
856
965
895
790
687
551
435
414
354
328
295
280
265
233
256
202
207
200
197
174
183
177
221
248
389
604
846
1086
1155
1175
890
563
362
200
147
110
108
116
88
98
103
89
115
94
113
99
122
110
103
109
112
102
123
156
153
173
159
133
137
119
99
85
67
81
44
61
69
57
73
70
60
67
77
88
101
81
82
70
77
70
39
52
58
39
61
55
47
42
44
57
44
48
26
61
44
53
65
79
80
82
92
80
85
84
79
64
63
54
65
76
46
85
60
62
83
56
55
55
53
53
63
48
51
37
41
26
37
23
20
19
29
17
14
24
23
18
23
30
73
86
104
129
111
141
125
105
87
65
37
32
27
25
17
12
12
9
8
9
16
5
10
3
10
9
12
9
11
4
8
8
17
6
8
7
8
4
7
9
8
234
