0
0
0
0
0
0
0
0
1719
5917
4420
3879
3884
3875
4189
4630
4948
5028
4979
5232
6286
6409
5112
4273
4166
4052
3933
3899
3965
3861
3338
2766
2422
2391
2384
2401
2336
2302
2301
2275
2281
2730
4454
7289
9393
8539
5375
2680
1644
1634
1813
1758
1513
1465
2174
3845
6142
7771
7219
4768
2280
1172
874
829
758
703
692
696
681
663
629
603
587
615
634
694
801
891
983
1018
965
887
874
900
836
737
627
502
416
386
335
309
282
267
248
230
233
197
198
193
184
173
175
187
218
288
437
646
876
1045
1115
1035
782
513
318
191
136
108
106
106
86
94
98
89
108
92
107
99
115
106
101
104
106
105
123
144
153
159
150
135
127
114
97
81
72
67
53
56
62
60
67
67
60
63
72
83
95
81
79
70
72
69
43
47
54
43
52
56
49
43
42
48
48
42
37
41
51
47
57
68
76
78
83
84
79
82
79
70
62
57
56
66
60
63
68
61
67
67
58
54
53
52
53
55
50
45
38
36
30
31
24
20
19
25
18
14
21
23
19
20
27
62
79
95
118
113
127
126
108
90
71
48
33
29
26
21
15
11
11
8
7
9
12
4
8
3
9
8
11
9
8
4
6
8
13
0
