0
0
2375
7436
3738
4096
3997
4026
4305
4912
5333
5149
5132
5153
7203
6938
4828
4201
4131
4172
4013
4042
4190
3970
3483
2849
2539
2581
2476
2473
2495
2420
2327
2384
2300
2500
4153
7302
10343
9745
5787
2478
1461
1617
1901
1884
1677
1397
1895
3424
5829
8182
8202
5372
2687
1267
871
867
787
783
675
709
665
756
665
632
638
639
646
674
756
840
1055
1072
1002
906
861
908
863
802
658
538
463
380
371
332
273
261
267
231
244
193
192
191
202
185
174
173
187
231
423
613
878
1078
1254
1073
883
587
333
193
159
113
101
110
101
103
97
111
109
92
113
105
105
107
122
105
105
145
139
166
165
161
149
171
115
115
94
90
82
68
75
72
58
60
67
61
70
62
75
81
101
85
78
101
70
56
58
61
56
63
53
32
58
61
41
52
41
48
44
49
59
60
61
60
76
71
99
120
104
81
69
75
60
45
59
68
59
66
45
47
73
64
59
60
73
49
57
51
42
39
33
29
22
25
17
26
18
18
21
17
19
25
22
35
53
71
96
116
137
130
109
117
88
51
53
27
20
22
20
19
10
6
15
14
10
10
14
14
10
8
10
10
9
6
8
14
8
8
5
4
9
7
4
5
5
204
