0
0
0
0
0
0
0
0
1692
5967
4389
3919
3889
3895
4131
4636
5031
5032
4975
5309
6344
6401
5145
4224
4025
3996
3927
3932
3986
3802
3353
2799
2492
2485
2399
2393
2411
2337
2263
2290
2269
2736
4532
7387
9391
8402
5267
2632
1632
1628
1789
1761
1566
1542
2235
3859
6092
7780
7250
4631
2295
1143
842
822
760
733
661
674
671
700
640
617
615
620
634
679
753
886
1002
1008
941
869
854
858
818
732
604
500
425
365
348
305
262
252
249
226
222
187
186
188
189
177
170
172
195
290
458
670
893
1084
1126
991
772
511
300
188
143
109
100
103
97
98
95
107
103
92
108
102
101
105
113
104
110
132
142
155
159
154
152
146
123
106
95
87
78
70
69
67
59
58
62
61
64
62
70
78
95
85
77
94
72
56
55
58
56
59
53
38
47
56
48
44
45
42
45
45
52
57
58
59
65
72
83
104
107
89
73
68
66
52
49
59
61
60
54
46
55
63
61
58
61
60
53
52
48
41
36
32
27
22
21
19
23
18
17
19
17
17
23
23
31
48
64
88
107
126
127
111
110
94
63
50
37
23
19
21
19
15
8
7
14
12
9
9
13
13
9
7
9
9
9
6
7
12
8
0
