0
0
0
0
0
0
0
0
1672
5985
4424
3805
3812
3939
4201
4693
4986
5146
5048
5259
6308
6323
5099
4293
4112
4003
3920
3936
3973
3798
3281
2740
2531
2457
2348
2387
2313
2314
2316
2312
2241
2675
4605
7584
9632
8498
5164
2571
1712
1709
1806
1726
1517
1572
2389
4124
6333
7700
6905
4485
2184
1135
865
826
743
711
662
661
641
615
599
584
603
629
636
669
757
867
974
1005
959
903
871
859
799
697
600
500
429
383
336
292
279
267
244
224
204
195
187
178
174
170
177
182
218
285
423
689
949
1121
1117
971
729
483
296
186
135
114
116
110
94
91
104
97
100
101
109
117
115
110
118
98
105
123
143
147
149
153
143
129
117
108
101
90
80
74
70
65
61
59
59
59
72
80
73
75
92
92
88
71
75
63
67
48
62
51
63
54
50
48
51
56
56
54
56
54
49
48
55
62
69
76
81
82
75
76
77
68
62
60
61
62
62
60
66
68
64
63
63
58
54
49
42
44
44
37
35
33
25
25
29
27
21
20
20
16
15
17
18
30
41
52
63
91
85
100
134
111
94
79
70
47
36
31
22
14
14
16
14
10
7
7
9
8
6
6
7
8
11
6
7
7
7
11
9
0
