0
0
2333
7438
3791
3924
3938
4093
4369
4980
5170
5405
5168
5009
7203
6813
4805
4296
4269
4113
4013
4051
4147
4010
3405
2776
2601
2548
2414
2469
2387
2388
2389
2406
2287
2379
4126
7308
10467
10016
5872
2448
1599
1718
1898
1878
1607
1399
1944
3556
5971
8159
7889
5424
2646
1282
897
885
773
756
684
686
674
634
633
591
618
635
674
640
747
845
975
1068
1022
945
904
885
885
749
666
549
464
411
371
307
290
285
259
241
214
203
199
184
184
173
180
189
189
269
338
561
913
1112
1243
1076
890
565
364
202
156
111
123
118
103
87
110
100
104
103
111
121
122
108
131
102
106
119
149
153
151
160
154
133
127
107
112
92
85
75
76
66
64
57
68
52
75
89
74
73
98
94
93
72
80
66
70
50
66
51
68
54
51
49
54
60
56
55
60
55
50
46
63
61
80
75
90
85
68
90
74
70
61
63
63
66
62
61
75
67
64
68
63
55
56
47
40
51
42
33
41
25
23
31
32
21
22
21
16
15
21
14
29
42
54
62
96
86
103
139
115
97
81
73
45
36
30
20
13
17
16
14
9
7
10
11
7
7
9
6
15
7
8
8
7
12
10
9
7
11
9
8
8
6
8
187
