0
0
2492
7394
3764
4038
4005
4067
4448
4939
5269
5326
5103
5216
7178
6933
4742
4350
4224
4179
4113
3961
4051
3962
3502
2864
2533
2450
2396
2498
2413
2321
2388
2344
2327
2508
4141
7272
10261
9750
5809
2359
1407
1666
1915
1901
1617
1441
1813
3411
5958
8131
7949
5502
2869
1206
921
792
777
801
754
730
683
705
645
647
603
667
637
655
675
877
1064
1089
1045
954
910
901
862
757
642
610
470
393
352
313
266
281
262
267
211
202
212
199
164
187
160
173
187
238
353
637
931
1130
1245
1118
894
529
335
198
141
113
115
89
96
101
112
104
106
91
99
125
115
93
108
99
113
118
149
154
145
163
148
140
111
105
103
88
62
77
63
67
67
65
61
63
65
72
77
71
79
87
104
88
54
59
66
57
53
53
38
52
46
58
54
58
60
44
46
56
65
62
60
61
64
80
86
96
85
80
62
66
55
73
74
80
61
66
60
59
67
64
53
55
67
64
56
51
39
33
31
24
27
32
37
21
21
22
13
27
16
24
40
39
54
65
104
124
143
142
107
113
98
56
68
36
24
25
20
12
15
11
12
7
13
7
13
7
9
12
9
9
5
10
5
4
5
7
1
6
10
5
2
2
2
195
