0
0
0
0
0
0
0
0
1776
5966
4402
3883
3883
3931
4242
4685
5021
5113
5019
5334
6354
6370
5122
4294
4115
4045
3969
3886
3888
3773
3362
2808
2475
2373
2328
2415
2331
2254
2304
2270
2287
2749
4547
7396
9372
8377
5203
2534
1597
1652
1811
1749
1548
1536
2212
3919
6198
7693
7065
4717
2389
1101
862
764
757
764
724
694
668
663
629
611
610
628
626
639
732
902
1019
1034
980
915
882
859
799
697
614
547
431
367
329
290
260
267
253
242
202
197
201
181
168
170
160
171
199
270
443
704
948
1116
1143
1009
749
475
291
183
131
111
104
88
93
99
107
100
100
89
100
120
107
94
102
99
108
121
141
146
146
151
144
129
112
102
96
81
68
66
64
63
64
62
60
60
62
67
73
69
75
83
99
87
55
56
62
57
52
51
40
46
46
52
54
54
56
49
44
50
58
61
60
58
61
70
80
87
88
79
68
61
58
61
70
73
68
61
61
59
60
62
58
53
57
62
60
54
46
37
32
28
25
26
30
31
22
20
20
15
23
16
23
37
38
50
60
95
116
134
138
111
107
98
66
61
45
28
23
22
15
12
13
10
10
8
11
7
11
6
8
11
8
8
5
8
4
4
3
0
