0
0
2483
7458
3816
3994
3959
3915
4274
4964
5297
5387
5147
5159
7177
7003
4773
4254
4385
4198
4005
3945
4092
3975
3555
2870
2623
2448
2483
2456
2340
2377
2452
2362
2320
2516
4011
7288
10301
9769
5883
2407
1498
1602
1976
1889
1612
1407
1870
3306
5891
8231
8041
5447
2641
1263
936
852
745
774
676
703
686
722
623
615
633
585
673
682
750
848
993
1052
1008
907
880
939
904
814
700
540
479
373
330
295
317
260
234
236
250
194
214
205
193
170
170
171
216
257
404
582
898
1109
1287
1111
877
530
297
202
137
134
98
94
112
89
116
110
94
109
117
112
104
117
105
98
89
108
151
155
146
144
153
164
113
104
105
116
78
61
66
67
64
60
67
72
66
65
80
80
99
95
78
75
78
73
57
52
52
47
48
51
54
46
46
36
52
59
35
51
55
47
67
74
87
56
91
93
99
89
88
78
65
55
57
72
64
71
45
72
66
73
69
56
53
44
58
54
38
35
36
29
33
22
18
18
19
17
11
17
15
22
32
49
56
77
107
113
139
133
142
100
79
55
57
44
27
20
15
14
11
18
9
8
13
12
12
6
14
14
10
12
11
6
16
9
13
8
14
5
9
4
6
7
2
208
