0
0
0
0
0
0
0
0
1769
6008
4453
3857
3837
3804
4085
4656
5048
5159
5050
5309
6338
6415
5146
4284
4171
4073
3911
3858
3909
3799
3404
2834
2544
2384
2401
2373
2265
2304
2358
2287
2285
2718
4439
7348
9373
8442
5312
2630
1633
1649
1823
1754
1536
1530
2182
3796
6132
7774
7169
4685
2264
1153
888
802
726
727
660
675
673
666
608
601
593
603
644
684
754
864
966
994
942
878
874
892
847
755
632
506
434
349
310
289
293
245
226
231
226
194
203
195
180
167
164
180
218
298
439
660
909
1113
1160
1013
753
470
279
184
136
121
95
93
104
90
112
104
92
106
113
108
103
109
102
94
91
111
139
147
143
141
148
142
118
103
103
100
80
64
62
63
62
60
63
67
64
63
74
77
93
93
77
74
73
71
58
52
50
47
45
47
50
48
44
39
44
52
45
42
50
51
55
68
75
72
71
88
92
91
86
81
70
59
54
60
65
64
57
56
63
66
67
63
56
49
48
53
48
38
34
33
30
29
22
18
17
17
17
11
15
15
19
29
44
52
70
96
106
127
130
134
110
84
62
54
48
34
23
17
14
12
12
15
8
8
12
11
11
7
13
13
9
10
10
7
13
9
11
0
