0
0
0
0
0
0
0
0
1690
5969
4382
3808
3874
3927
4215
4742
5124
5099
4944
5226
6209
6294
5150
4277
4048
4008
3954
3896
3975
3819
3285
2738
2500
2425
2414
2422
2415
2331
2270
2270
2279
2686
4382
7174
9199
8396
5398
2736
1653
1632
1829
1785
1513
1471
2197
3791
6028
7746
7262
4828
2405
1224
880
806
750
714
712
713
683
642
601
606
617
598
615
677
769
905
1029
1057
1000
903
856
902
878
740
614
501
435
373
313
316
263
257
256
231
221
217
206
194
178
159
170
192
221
290
424
634
883
1087
1147
1039
798
516
304
186
124
102
114
98
107
98
106
86
100
104
104
112
113
104
103
107
99
113
128
139
145
149
147
144
131
107
93
86
76
68
68
65
57
65
55
68
65
58
69
72
83
102
107
79
61
58
51
44
46
49
52
51
44
41
45
50
46
44
48
52
57
59
52
53
67
75
88
80
76
81
78
75
63
63
65
66
69
68
63
61
56
52
52
54
56
59
57
51
47
40
41
35
36
34
32
26
28
24
23
17
16
16
23
27
30
53
69
98
116
126
133
128
113
93
74
56
42
29
18
11
17
11
7
11
12
13
7
10
9
8
10
11
11
8
8
7
5
6
7
0
