0
0
2375
7468
3711
3962
4021
4065
4415
5042
5425
5248
5041
5113
7066
6772
4873
4274
4148
4157
4104
3948
4193
4015
3373
2773
2570
2503
2496
2505
2501
2411
2341
2353
2328
2477
4064
7209
10173
9664
5783
2534
1459
1615
1958
1948
1602
1286
1947
3451
5892
8209
8023
5454
2721
1337
924
844
783
738
734
747
713
677
618
608
666
606
618
677
769
882
1082
1116
1062
961
845
937
956
791
662
533
463
401
321
341
273
266
272
241
228
226
216
200
195
158
164
208
203
280
379
606
864
1140
1231
1135
886
557
318
195
129
100
122
100
112
102
111
88
105
109
106
118
120
106
104
119
92
122
134
148
146
164
144
156
136
105
94
90
76
68
73
67
53
75
49
77
65
58
76
74
90
112
112
71
60
61
49
44
52
50
59
47
43
45
52
50
43
50
52
58
64
58
45
70
69
92
92
71
90
75
89
63
65
69
70
70
78
60
67
59
51
56
56
56
65
59
51
50
39
46
35
40
34
34
25
31
23
24
16
18
17
28
30
35
67
77
118
126
137
139
127
104
87
62
49
33
22
11
19
12
8
12
13
14
8
12
9
8
12
12
11
8
10
6
7
6
10
4
11
4
6
6
5
6
6
200
