0
0
0
0
0
0
0
0
1708
5900
4493
3867
3984
3982
4121
4658
4970
5050
5052
5324
6273
6289
5060
4253
4120
4066
3994
3894
3845
3805
3337
2739
2528
2406
2458
2438
2332
2346
2287
2322
2289
2748
4505
7487
9476
8381
5201
2586
1656
1663
1822
1799
1587
1556
2233
3874
6131
7731
7116
4541
2148
1128
875
795
741
714
705
693
663
651
630
593
589
601
622
677
772
906
1018
1042
954
894
899
881
812
699
597
534
458
376
338
308
293
246
236
247
202
199
206
202
184
161
157
167
199
276
461
708
954
1117
1143
982
726
485
295
182
131
114
99
98
96
93
99
101
111
98
109
109
105
109
97
102
117
128
134
148
163
161
153
135
117
113
110
96
87
73
62
66
70
58
60
62
61
65
71
87
85
73
76
76
91
61
52
48
46
41
45
51
52
53
44
39
43
47
46
43
46
50
51
57
72
82
90
96
84
78
85
77
63
53
53
63
61
60
56
55
57
58
59
54
57
60
59
56
50
48
42
35
29
26
26
21
19
23
23
16
19
20
23
32
36
49
58
84
97
116
117
130
104
90
67
47
40
30
19
17
12
8
9
9
11
11
8
10
11
7
7
7
10
6
11
8
12
6
4
0
