0
0
2396
7331
3903
3980
4149
4097
4259
4973
5183
5228
5223
5159
7062
6855
4698
4275
4267
4187
4139
4004
3930
4059
3476
2756
2615
2466
2541
2523
2407
2430
2351
2418
2311
2540
3997
7315
10389
9743
5883
2452
1514
1658
1897
1958
1697
1430
1842
3336
5768
8117
8130
5443
2567
1248
926
837
774
741
729
725
689
673
669
614
599
624
622
670
752
878
1039
1105
1052
887
937
928
882
769
637
574
511
403
362
319
322
263
231
277
211
204
213
210
204
166
162
165
186
237
360
651
895
1151
1217
1148
824
582
339
207
135
124
102
103
102
95
103
101
119
100
113
114
108
116
100
103
119
134
138
145
176
165
164
145
119
110
128
93
93
80
59
65
84
52
65
63
61
70
71
93
89
74
80
78
96
62
53
49
47
42
49
54
54
57
41
42
46
51
46
43
51
55
49
63
86
80
104
100
77
82
98
66
70
41
68
63
65
60
55
59
61
60
59
50
70
56
64
50
49
48
37
32
22
32
21
18
25
26
15
21
21
24
35
38
52
60
88
103
122
120
137
103
90
64
44
41
26
17
20
8
11
9
12
14
8
11
13
8
8
8
11
7
12
8
14
7
5
6
8
6
8
10
4
9
1
195
