0
0
2448
7350
3815
4128
3918
4084
4380
4852
5454
5218
5123
5102
7304
7088
4932
4349
4342
4268
3992
4001
4139
3970
3386
2832
2455
2445
2429
2430
2408
2347
2356
2378
2296
2387
4097
7309
10109
9685
5854
2489
1483
1620
1935
1869
1654
1423
1912
3392
6021
8068
8020
5422
2702
1252
938
880
765
760
718
688
713
682
609
663
629
612
616
685
732
868
1010
1045
1034
898
868
899
946
822
657
544
452
423
344
266
278
240
236
238
225
225
211
167
207
191
159
165
208
254
432
634
899
1098
1286
1205
875
552
346
211
148
119
102
115
127
106
101
103
103
104
108
113
119
107
101
110
98
107
113
118
173
144
148
122
131
114
101
92
62
67
58
70
53
56
60
70
62
74
81
82
85
74
88
70
67
51
65
63
58
45
43
56
45
43
63
67
41
42
44
48
51
43
59
58
71
86
80
98
94
92
63
76
61
53
73
49
75
56
57
82
70
49
54
60
69
55
43
40
27
59
37
33
21
18
31
19
21
22
18
16
18
20
41
38
55
74
111
102
150
141
132
115
91
69
41
39
35
21
16
14
7
9
8
14
6
11
8
13
7
11
6
10
12
11
18
9
10
10
9
3
9
4
6
6
3
232
