0
0
0
0
0
0
0
0
1745
5924
4431
3961
3836
3925
4195
4628
5102
5105
4984
5302
6415
6519
5259
4367
4192
4096
3932
3898
3949
3773
3281
2759
2413
2367
2353
2352
2328
2273
2282
2288
2246
2660
4523
7386
9282
8321
5228
2614
1637
1649
1803
1748
1556
1566
2268
3955
6233
7679
7082
4610
2272
1138
893
824
739
726
687
672
681
639
611
626
606
596
622
674
758
883
977
1004
947
871
855
885
867
741
601
497
427
384
309
259
259
232
228
226
217
214
191
176
193
174
158
175
215
313
482
701
924
1118
1192
1044
754
486
302
193
138
111
103
113
118
101
97
99
99
100
104
110
113
103
99
103
97
103
108
128
151
145
134
124
120
110
98
82
66
61
61
60
55
54
58
63
62
70
77
78
80
72
84
68
66
50
61
61
57
46
42
50
47
43
55
60
48
39
41
44
47
46
50
58
64
75
82
86
93
89
74
66
66
55
60
58
60
62
55
66
72
59
51
54
60
60
50
42
34
38
45
37
29
21
20
26
20
19
20
18
16
16
20
37
37
52
69
104
100
138
138
129
115
93
72
48
38
35
26
18
14
10
6
8
9
10
6
10
8
11
6
10
5
9
11
11
16
8
8
0
