0
0
2408
7338
3770
3948
4044
4021
4413
5000
5415
5336
5178
5232
7133
6830
4851
4325
4148
4229
4032
4099
4099
4047
3513
2717
2492
2497
2417
2544
2406
2346
2329
2377
2235
2387
3939
7214
10414
9739
5926
2419
1549
1554
1928
1884
1648
1354
1914
3414
5891
8381
8299
5493
2695
1223
820
766
814
739
677
714
682
670
626
600
620
633
631
720
694
895
1016
1068
1046
955
875
868
881
748
673
566
479
382
370
309
273
239
255
239
236
223
214
208
181
166
162
183
220
262
390
616
903
1113
1188
1154
873
574
310
227
151
114
114
114
104
98
92
105
88
100
136
119
114
125
88
94
84
129
125
147
152
155
162
144
132
115
77
86
80
64
60
58
46
64
66
57
69
88
75
98
98
73
104
67
85
61
68
55
51
66
45
56
46
64
53
47
52
55
47
53
57
44
65
84
70
90
97
104
84
105
65
69
55
60
54
46
55
51
61
68
73
65
53
60
53
58
58
46
49
29
43
35
34
27
27
13
22
19
30
20
27
27
28
49
57
65
92
94
123
115
117
119
90
59
46
28
27
15
20
18
9
9
13
10
8
5
14
6
16
8
8
11
7
11
10
14
9
9
9
5
5
6
9
3
3
198
