0
0
0
0
0
0
0
0
1716
5902
4403
3812
3891
3903
4205
4723
5122
5166
5063
5349
6305
6334
5155
4295
4078
4034
3962
3951
3958
3840
3366
2703
2434
2410
2347
2457
2327
2272
2260
2275
2204
2607
4349
7298
9400
8469
5360
2674
1647
1617
1790
1756
1539
1516
2222
3846
6154
7935
7382
4755
2312
1102
783
750
771
702
664
681
659
636
601
589
602
610
643
675
750
886
987
1018
981
904
851
843
809
706
623
525
439
366
343
290
256
234
243
231
226
214
206
194
173
161
164
187
222
294
442
670
912
1075
1127
1025
777
502
299
205
142
112
110
109
99
94
89
99
86
100
128
116
112
112
90
88
93
116
126
139
146
150
151
140
126
105
84
79
75
64
59
55
50
57
61
58
65
81
75
91
94
74
95
70
78
63
63
57
51
59
50
50
48
54
56
48
47
51
50
48
52
50
53
70
76
76
90
95
92
90
84
63
60
56
55
50
48
51
53
59
65
67
60
55
54
54
55
53
47
42
34
37
35
32
27
25
15
19
19
27
21
24
25
26
42
52
59
82
88
110
114
112
114
98
70
51
35
27
21
16
19
14
8
9
12
9
7
6
12
6
14
7
7
9
7
9
10
12
10
0
