0
0
2409
7323
3775
3943
4066
4074
4424
5012
5253
5307
5224
5032
7026
6953
4817
4315
4116
4292
4128
4018
4028
3926
3399
2852
2554
2392
2537
2433
2558
2357
2392
2426
2200
2420
3994
7341
10523
9795
5903
2410
1477
1655
1929
1957
1605
1434
1848
3498
5903
8262
8165
5369
2652
1269
861
813
792
785
733
696
685
721
671
583
652
634
635
681
764
892
1039
1072
1040
940
886
883
903
833
680
546
440
411
364
315
292
279
247
220
236
223
205
171
185
164
180
136
225
235
431
583
875
1066
1178
1107
908
577
338
189
142
115
95
133
97
106
99
112
96
113
116
91
114
125
114
91
124
106
126
153
196
162
144
131
116
110
92
89
71
76
61
53
66
49
40
53
74
75
77
83
79
89
90
75
66
67
56
52
50
57
49
55
57
51
39
47
61
54
43
54
48
60
58
52
79
83
97
98
75
77
75
62
56
60
53
64
63
51
54
73
51
75
50
64
52
59
61
42
28
28
34
28
31
26
24
20
22
13
16
20
24
18
24
33
60
62
100
110
128
149
125
112
98
60
42
37
26
14
13
6
15
9
6
10
8
6
8
13
8
5
5
11
13
10
8
2
5
6
13
5
4
6
6
7
9
176
