0
0
0
0
0
0
0
0
1718
5897
4397
3814
3912
3950
4233
4729
5030
5116
5055
5251
6236
6351
5154
4274
4074
4079
4015
3918
3880
3727
3283
2787
2482
2343
2444
2363
2463
2286
2319
2313
2189
2658
4496
7538
9568
8433
5205
2556
1631
1667
1836
1772
1544
1548
2284
3999
6258
7839
7133
4523
2220
1126
822
782
766
746
700
672
674
681
622
593
620
616
633
688
785
912
1004
1022
968
897
862
862
846
751
613
493
417
382
337
298
278
260
232
217
224
211
187
170
171
165
156
171
214
308
463
675
901
1061
1100
996
761
490
287
175
130
106
104
117
95
101
98
105
95
109
107
93
112
119
105
97
113
109
128
158
174
155
138
124
113
102
92
82
73
68
60
56
57
48
43
53
68
71
74
79
78
85
86
73
64
63
55
51
49
54
49
51
54
50
41
44
53
53
46
47
49
53
57
56
66
79
87
92
82
72
73
66
57
56
55
56
61
55
50
60
59
62
59
56
56
54
56
50
36
29
29
30
29
28
26
23
20
19
13
15
18
21
19
23
32
56
60
95
104
122
142
123
110
96
66
45
37
29
18
13
8
10
11
7
6
9
7
5
8
11
7
4
5
10
12
9
6
1
4
0
