0
0
2444
7246
3814
3977
4013
3990
4215
4905
5328
5274
5086
5101
7192
6788
4864
4256
4343
4138
4070
3955
4104
3882
3394
2898
2580
2447
2373
2452
2341
2327
2403
2383
2347
2479
4067
7431
10610
9824
5989
2530
1509
1620
1944
1963
1630
1358
1862
3347
5942
8186
8082
5546
2706
1255
827
813
803
750
719
706
702
679
640
587
618
614
641
663
764
885
1031
1066
1063
915
860
895
926
788
653
544
503
393
371
306
265
226
253
253
222
208
219
199
183
155
158
189
201
275
382
632
937
1080
1267
1106
878
556
352
229
125
110
106
90
97
94
111
112
116
108
96
110
103
114
119
115
108
112
148
144
157
160
152
148
114
118
111
91
80
65
49
67
71
81
65
54
52
79
90
87
77
104
77
79
81
55
40
48
57
64
40
41
43
52
54
56
45
63
44
56
55
57
51
68
76
79
76
89
83
85
84
63
62
63
65
65
55
69
65
74
70
42
66
72
69
56
52
44
53
29
37
39
32
26
23
22
16
16
18
18
23
26
51
45
56
73
97
107
129
124
119
107
69
66
49
58
39
27
9
15
13
10
4
14
12
11
12
11
6
11
11
9
4
8
4
13
5
7
5
7
7
9
8
2
8
195
