0
0
0
0
0
0
0
0
1742
5847
4408
3844
3877
3873
4062
4610
5043
5098
4979
5271
6303
6324
5124
4302
4141
4045
3935
3883
3903
3714
3283
2824
2513
2371
2305
2369
2266
2260
2321
2304
2300
2717
4535
7569
9607
8514
5344
2671
1658
1655
1837
1788
1536
1511
2214
3891
6208
7765
7168
4711
2280
1115
797
785
764
719
693
683
674
647
604
582
593
604
625
679
777
902
995
1027
970
877
851
875
844
721
599
515
453
373
339
284
246
225
244
236
211
204
205
188
169
153
163
184
221
300
459
708
931
1105
1143
999
749
492
313
195
123
106
98
90
93
93
107
108
111
102
94
105
101
110
114
110
105
117
137
143
150
152
148
134
117
112
103
89
76
62
55
61
69
73
64
54
54
73
85
84
77
97
76
74
76
55
40
44
53
59
44
38
41
47
51
52
48
52
51
48
54
53
53
59
69
74
76
79
83
80
81
71
61
60
61
61
58
59
64
66
69
55
53
63
67
62
54
48
46
41
33
33
35
31
25
23
21
16
15
16
17
21
26
47
44
52
68
90
100
121
121
116
106
76
64
53
52
44
30
17
11
14
11
7
6
13
11
10
11
9
5
10
10
8
3
7
4
10
5
0
