0
0
2472
7309
3754
4030
4038
4055
4363
4935
5371
5119
5179
5058
6967
6964
4735
4170
4256
4121
4095
4059
4161
4054
3495
2921
2515
2450
2472
2498
2414
2419
2366
2423
2315
2396
4104
7374
10263
9656
5795
2500
1488
1679
1924
1966
1634
1349
1793
3366
5931
8326
8237
5589
2657
1238
888
838
815
728
689
693
696
676
643
649
609
603
597
703
733
886
1087
1084
1043
924
872
842
965
825
642
509
490
388
358
311
307
260
256
216
243
204
184
203
177
171
179
170
222
235
365
623
949
1137
1167
1089
919
573
356
234
130
120
111
119
98
102
118
89
101
94
110
103
107
124
124
80
105
119
125
156
149
148
171
132
140
99
106
89
74
72
73
51
70
58
48
61
70
81
60
87
94
100
88
82
69
65
55
55
54
51
51
68
62
48
62
55
40
42
46
53
56
49
61
60
69
88
97
110
85
63
79
52
65
63
59
58
68
60
62
62
64
53
48
47
52
49
47
47
44
41
33
36
30
22
28
15
21
19
24
19
28
30
30
45
65
89
117
96
131
105
122
106
89
72
55
28
28
11
16
17
8
14
12
12
7
11
12
11
9
15
6
7
12
8
7
7
6
8
7
11
6
4
5
6
0
191
