0
0
0
0
0
0
0
0
1759
5875
4380
3867
3901
3922
4171
4656
5050
5028
4973
5222
6175
6336
5119
4208
4065
4015
3960
3949
3983
3857
3395
2856
2467
2374
2390
2415
2336
2333
2297
2320
2265
2639
4418
7276
9268
8419
5412
2744
1680
1658
1827
1799
1553
1465
2083
3714
6054
7873
7467
4945
2348
1141
851
807
773
699
669
669
667
647
627
614
592
582
613
673
755
902
1022
1035
976
891
840
850
886
759
596
489
454
370
338
300
288
251
240
216
224
195
184
186
173
168
169
181
210
266
413
662
923
1077
1101
1018
820
543
340
217
132
116
109
112
94
98
113
87
96
92
104
101
105
116
111
90
98
112
124
141
146
148
151
139
125
107
97
88
76
70
67
57
62
59
49
55
64
75
62
78
88
93
88
82
71
64
57
53
53
51
49
57
62
54
52
57
47
38
42
46
51
52
51
58
60
73
87
97
97
76
67
65
57
60
60
58
59
61
60
58
59
59
52
47
46
48
48
46
45
43
39
33
33
30
23
26
17
18
19
21
20
24
27
28
37
55
76
101
102
110
114
109
111
96
80
63
44
27
23
11
15
15
7
13
11
11
7
9
10
11
9
12
7
5
9
9
7
6
6
0
