0
0
2388
7306
3812
4086
4025
4053
4337
5168
5269
5170
5038
5154
7215
6992
4753
4366
4310
4095
4057
3966
4083
3947
3435
2875
2606
2393
2364
2412
2434
2348
2309
2304
2308
2432
4109
7210
10190
9927
5894
2492
1519
1680
1900
1934
1707
1371
1896
3371
5904
8117
8119
5366
2619
1273
910
885
771
790
701
759
728
641
623
653
642
605
628
681
790
912
1061
1079
1081
976
895
877
950
801
670
545
458
444
365
315
261
257
243
225
234
220
194
202
186
184
165
174
202
229
356
620
928
1180
1220
1121
899
538
349
192
147
118
115
96
104
101
94
104
128
113
103
119
102
123
105
94
119
128
124
170
167
141
137
128
126
110
84
86
56
62
76
64
52
57
56
63
76
75
88
79
83
76
84
69
79
69
52
48
50
49
70
41
48
42
46
56
50
49
52
54
45
65
45
67
76
79
83
89
76
86
69
68
88
76
60
65
50
59
61
57
62
62
52
70
63
42
54
38
37
44
41
25
39
22
19
20
24
20
14
21
25
29
31
53
55
98
107
114
149
135
114
96
84
74
61
33
21
13
14
15
17
11
12
15
13
12
10
12
3
14
9
5
10
10
8
4
13
8
9
3
3
10
5
4
1
189
