0
0
0
0
0
0
0
0
1699
5853
4421
3920
3904
3916
4163
4789
5057
5011
4924
5268
6333
6425
5171
4320
4143
4009
3916
3875
3901
3766
3331
2824
2529
2326
2287
2331
2349
2272
2235
2228
2251
2659
4386
7162
9260
8579
5518
2769
1696
1656
1806
1800
1592
1515
2147
3714
5988
7701
7329
4772
2322
1174
876
837
747
746
694
722
684
624
613
624
610
597
620
686
788
914
1010
1040
1011
930
869
870
873
750
624
510
440
414
344
294
252
246
232
219
222
207
192
190
181
173
165
175
198
255
405
651
924
1112
1145
1038
805
519
322
191
141
116
110
93
100
97
90
100
120
110
102
111
104
112
103
97
110
119
130
152
157
143
132
126
120
106
88
78
63
59
68
64
53
53
55
58
69
72
81
79
78
76
78
71
72
70
56
48
47
48
57
53
42
44
42
48
52
48
47
50
50
50
55
51
67
73
76
81
81
77
76
68
73
79
69
61
57
54
56
58
57
58
58
56
62
58
47
46
40
36
40
39
28
34
24
20
19
21
21
15
17
22
26
28
43
51
78
98
105
126
138
121
103
88
78
67
50
29
19
12
13
14
16
10
11
13
13
12
10
9
5
10
10
6
7
9
8
5
8
0
