0
0
0
0
0
0
0
0
1687
5834
4397
3894
3887
3830
4083
4589
5083
5175
5097
5279
6277
6433
5150
4253
4108
4007
3922
3924
3944
3792
3303
2771
2451
2384
2369
2357
2400
2317
2381
2304
2280
2699
4465
7318
9370
8453
5406
2734
1674
1635
1807
1788
1555
1528
2204
3838
6054
7731
7221
4841
2352
1113
839
787
747
710
674
707
711
680
623
572
581
616
651
695
750
830
932
979
952
904
888
876
837
747
631
493
422
385
333
287
247
236
251
231
227
231
201
186
185
186
176
190
214
279
435
652
892
1066
1127
1040
778
508
299
184
126
108
105
109
110
96
96
93
104
116
96
103
102
116
115
99
100
115
124
139
150
155
151
137
120
110
97
88
80
71
61
61
65
58
57
59
62
72
74
82
90
82
89
80
65
52
58
59
52
57
50
41
45
46
52
50
41
49
44
51
51
47
54
52
65
76
82
89
89
86
76
67
65
58
59
59
58
60
62
53
50
65
72
64
60
59
55
47
44
40
35
35
28
28
29
24
19
13
21
22
21
22
21
33
39
51
79
98
108
109
117
112
100
88
71
55
39
32
31
24
15
18
12
8
9
14
12
6
6
8
6
5
5
9
7
9
10
10
8
0
