0
0
2370
7282
3784
4056
4010
3936
4280
4851
5427
5322
5302
5045
7123
7085
4700
4271
4285
4112
4031
4053
4112
3991
3398
2826
2505
2463
2449
2437
2487
2383
2482
2380
2326
2465
4151
7298
10429
9672
5859
2513
1494
1650
1880
1981
1603
1419
1882
3512
5888
8196
7990
5502
2700
1211
878
821
778
746
685
731
747
710
672
572
601
616
684
682
785
802
965
1025
1012
928
921
910
893
797
693
528
443
410
355
307
259
239
265
240
229
254
208
194
184
206
173
188
224
236
396
623
876
1129
1167
1184
847
561
315
194
130
110
107
114
115
100
100
97
108
125
96
109
102
124
124
99
97
127
121
151
154
167
154
148
112
124
90
98
78
76
57
66
71
56
62
61
66
77
75
88
96
82
97
78
63
50
65
60
50
65
42
45
50
43
69
31
57
42
51
59
42
59
50
61
78
82
92
96
88
91
62
78
55
64
61
62
60
70
60
40
66
85
60
68
58
61
46
48
41
35
41
26
30
31
24
19
13
25
21
23
25
20
40
43
59
94
108
117
112
129
104
103
79
66
44
34
34
28
15
20
13
9
10
15
14
7
8
10
6
6
6
11
7
11
12
10
8
7
7
6
8
4
7
4
6
208
