0
0
2494
7310
3790
4004
3958
4004
4471
4974
5173
5296
5290
5112
7039
7001
4731
4328
4173
4142
4016
4045
4223
4029
3478
2921
2582
2415
2457
2427
2402
2459
2464
2369
2315
2504
4183
7116
10240
9701
5795
2466
1418
1642
1806
1941
1642
1355
1904
3319
5930
8091
8091
5512
2748
1185
910
817
852
716
687
701
734
716
649
610
597
615
644
702
726
860
1023
1088
1037
940
891
907
922
792
646
562
497
372
345
335
266
249
263
257
254
207
214
178
189
149
159
180
181
258
432
580
887
1102
1255
1124
898
605
371
193
145
98
119
99
95
115
108
103
107
105
106
120
102
112
104
111
130
117
153
164
163
161
161
129
132
109
105
93
67
72
64
62
69
62
53
61
73
78
82
100
101
94
103
91
62
67
65
57
58
53
56
57
60
56
46
57
46
44
55
66
50
59
48
72
65
86
91
97
95
90
66
54
67
52
59
62
69
60
56
66
60
62
72
55
66
60
45
45
38
45
39
31
28
33
36
32
17
22
13
24
16
21
32
46
54
66
89
120
146
131
108
94
84
52
39
44
19
22
6
15
18
12
7
9
11
13
8
12
11
5
11
13
7
15
9
10
10
12
7
2
9
6
3
11
6
188
