0
0
0
0
0
0
0
0
1776
5884
4410
3857
3838
3871
4238
4698
4962
5087
5094
5300
6246
6371
5148
4269
4073
3991
3921
3937
4016
3847
3373
2858
2516
2350
2373
2347
2326
2375
2372
2293
2278
2734
4466
7197
9258
8404
5339
2661
1624
1598
1758
1766
1548
1507
2169
3764
6057
7689
7266
4828
2369
1095
864
795
797
687
668
685
704
675
622
590
584
602
638
679
746
873
991
1025
975
903
871
879
851
730
607
529
451
354
331
309
254
242
253
249
234
204
196
178
168
151
158
171
200
298
444
646
888
1086
1150
1033
806
550
332
190
132
102
110
96
93
111
104
99
103
102
103
112
102
105
102
109
120
123
142
155
158
156
148
132
122
111
100
88
71
66
63
61
63
61
54
57
67
74
78
93
95
92
96
90
66
62
63
58
55
53
52
54
56
56
50
48
50
44
47
56
57
51
54
56
67
71
85
90
93
91
78
60
58
58
54
57
61
62
58
57
59
60
62
62
59
60
55
46
42
39
41
38
31
28
30
33
30
18
20
14
21
17
18
28
40
49
59
78
105
131
132
114
97
86
65
44
39
32
19
16
7
14
16
10
6
8
10
12
7
11
10
5
9
11
8
12
10
8
9
0
