0
0
2497
7334
3783
4019
3944
4005
4322
5097
5332
5283
5143
5013
7136
6768
4926
4305
4308
4038
4088
4100
4155
3961
3546
2769
2535
2472
2430
2451
2427
2404
2389
2432
2258
2402
4154
7243
10247
9891
5864
2510
1529
1606
1878
1976
1617
1374
1872
3389
5995
8122
8031
5513
2688
1197
847
880
782
798
690
685
695
668
675
581
572
609
603
672
705
839
993
1098
1042
928
928
915
892
827
697
554
450
422
360
321
291
244
253
244
235
234
237
208
201
180
183
179
189
259
375
599
918
1119
1216
1095
878
539
364
227
133
104
109
106
117
99
95
95
113
104
113
126
100
123
99
123
98
115
134
134
163
168
148
150
130
110
90
77
70
74
63
74
61
52
67
54
69
67
75
93
95
79
85
81
69
61
58
62
57
53
40
53
55
48
70
42
55
41
47
46
40
57
57
66
68
80
90
118
99
83
70
84
64
65
68
41
60
68
52
53
83
73
58
69
63
53
43
40
54
30
32
36
34
25
30
23
24
25
21
19
23
18
36
43
56
67
90
110
123
119
126
96
105
62
48
35
27
20
22
9
12
10
7
12
10
11
12
13
5
8
11
12
13
9
6
10
9
10
8
11
8
7
3
5
3
211
