0
0
0
0
0
0
0
0
1780
5924
4404
3872
3834
3870
4149
4764
5097
5112
5000
5233
6247
6311
5159
4337
4116
3988
3948
3977
3977
3799
3374
2746
2470
2394
2356
2372
2349
2327
2319
2325
2227
2677
4545
7390
9406
8453
5271
2640
1659
1631
1808
1780
1535
1522
2240
3942
6234
7715
7115
4672
2249
1077
826
828
759
745
667
665
665
649
621
566
567
583
611
656
733
861
988
1029
968
909
894
879
841
757
629
503
428
389
336
302
269
238
243
234
227
226
220
200
188
177
176
177
210
291
443
688
937
1100
1118
987
739
486
317
197
125
103
104
105
109
95
91
95
108
101
111
117
100
113
102
111
100
113
126
137
154
156
148
139
123
104
87
75
70
68
65
66
60
55
59
57
63
66
72
88
90
78
81
79
68
60
57
59
56
52
41
47
52
50
59
51
47
46
42
45
42
48
55
59
64
72
84
99
103
87
74
73
71
61
63
52
49
60
58
52
65
74
65
61
62
58
48
42
43
42
32
30
33
31
26
26
23
22
23
21
19
21
19
32
40
53
62
84
103
116
116
120
99
98
71
51
38
29
22
20
14
9
11
8
8
11
9
10
11
9
4
7
10
11
12
8
5
9
9
0
