0
0
2498
7384
3813
3998
4077
4126
4304
4951
5324
5318
5182
5076
7058
7009
4800
4302
4215
4147
4133
3906
4080
3977
3448
2867
2596
2472
2390
2469
2474
2445
2394
2484
2192
2458
4064
7020
10380
9727
5863
2449
1471
1576
1971
2038
1641
1309
1796
3377
5886
8065
8073
5454
2654
1288
873
825
816
757
751
701
741
682
650
606
613
596
655
682
723
851
1034
1129
1088
898
909
915
942
735
651
511
484
410
367
321
294
266
235
235
216
218
224
188
176
173
189
180
177
291
386
636
898
1122
1235
1155
895
558
313
237
134
121
107
116
109
93
125
120
116
108
94
124
121
109
106
102
135
125
124
150
180
152
134
132
121
113
108
93
83
58
64
66
64
58
55
67
63
60
79
99
82
100
79
72
67
70
49
57
50
48
54
61
59
60
44
54
43
42
51
49
57
64
60
84
73
91
89
95
102
95
72
69
54
64
63
53
54
66
61
50
70
55
64
61
66
53
36
41
36
30
37
34
22
35
18
25
17
19
19
23
20
28
30
42
61
84
99
118
137
127
116
108
94
69
47
34
27
15
15
19
9
13
5
11
8
10
8
10
9
10
9
13
15
9
9
9
8
10
12
2
8
9
7
10
4
189
