0
0
0
0
0
0
0
0
1780
5955
4445
3858
3926
3983
4152
4655
5050
5130
5037
5254
6247
6394
5180
4284
4088
4028
3960
3861
3894
3783
3338
2816
2526
2393
2319
2388
2391
2363
2329
2352
2199
2666
4370
7171
9334
8455
5361
2673
1626
1626
1860
1840
1547
1453
2124
3783
6036
7666
7231
4755
2309
1168
835
797
778
731
716
690
698
655
618
593
587
599
635
670
740
873
1011
1065
989
892
879
892
845
696
595
488
450
386
345
304
278
250
227
223
209
210
205
181
171
172
178
175
211
298
448
672
910
1092
1153
1044
792
504
305
208
134
115
106
110
103
93
120
116
112
104
95
118
116
106
102
105
122
122
126
146
161
149
133
125
118
111
102
92
78
63
59
62
61
58
55
61
61
60
73
91
82
92
80
71
66
66
53
52
51
47
49
56
58
56
50
46
47
41
44
49
51
57
61
67
78
78
88
88
94
96
83
70
61
56
60
58
53
55
59
56
56
59
59
59
60
60
49
38
37
35
31
33
32
25
29
20
22
18
17
18
20
21
25
27
37
54
74
90
107
124
126
117
108
97
78
57
40
30
22
14
15
16
9
11
5
10
7
9
7
9
9
8
9
11
13
10
8
8
8
0
