0
0
2438
7356
3796
4092
4099
4133
4278
4921
5371
5265
5075
5211
7195
6944
4847
4213
4296
4146
4013
3933
4142
3997
3494
2798
2518
2479
2425
2518
2424
2459
2496
2322
2274
2399
4091
7139
10273
9868
5766
2379
1462
1580
1930
1866
1632
1424
1854
3382
5844
8209
8134
5459
2741
1262
877
856
807
737
735
664
708
677
644
601
595
639
632
690
773
823
1069
1063
1029
935
830
928
937
849
693
510
459
408
354
304
298
261
259
243
221
194
202
202
187
161
166
159
195
248
335
612
914
1146
1221
1150
880
568
357
194
150
133
112
100
102
115
95
101
116
106
104
104
108
119
110
99
113
118
125
128
140
157
164
142
128
104
112
101
66
70
61
75
49
59
73
75
60
76
77
82
88
85
83
73
71
73
74
48
67
53
44
43
59
52
56
46
59
40
47
43
45
57
53
65
71
81
86
84
94
93
83
62
76
66
70
62
71
53
58
62
67
66
62
54
52
48
61
44
47
44
39
45
27
33
32
29
24
18
17
16
25
18
29
46
74
79
121
124
114
125
123
112
83
52
44
28
24
22
10
19
13
18
11
9
11
14
7
6
11
11
13
9
8
11
6
4
6
7
8
4
8
9
4
4
7
242
