0
0
0
0
0
0
0
0
1728
5898
4431
3922
3957
3988
4128
4621
5056
5096
4980
5299
6320
6417
5184
4267
4101
4023
3898
3855
3937
3821
3373
2769
2460
2395
2347
2432
2348
2376
2388
2257
2225
2623
4326
7093
9254
8550
5458
2704
1623
1600
1782
1751
1560
1517
2107
3664
5925
7759
7407
4915
2446
1166
845
821
769
715
696
657
672
650
615
585
589
608
629
683
749
866
994
1018
970
884
841
888
884
790
639
486
435
386
334
293
283
253
248
231
210
192
193
191
176
161
158
165
197
255
389
629
896
1087
1148
1056
817
544
338
196
147
128
108
97
98
111
92
97
110
104
101
100
105
112
107
100
105
113
117
124
135
147
153
141
124
108
104
96
73
64
62
66
54
54
66
70
61
68
72
77
82
83
82
75
70
69
70
57
56
57
47
42
48
55
51
51
48
50
40
44
41
47
54
54
63
70
79
82
84
88
87
75
66
68
66
64
63
62
56
55
59
62
63
59
54
50
49
53
46
44
43
39
41
30
29
30
29
25
20
18
17
20
21
23
36
57
72
95
116
116
114
120
115
99
71
48
39
27
23
20
9
18
12
16
11
9
9
12
8
6
8
10
11
10
8
8
8
4
3
0
