0
0
0
0
0
0
0
0
1791
5823
4339
3844
3894
3934
4128
4701
5066
5119
4980
5209
6252
6331
5123
4335
4174
4034
3888
3915
3998
3786
3299
2817
2530
2410
2348
2398
2408
2403
2346
2340
2306
2728
4566
7480
9533
8463
5206
2551
1611
1647
1823
1763
1555
1595
2280
3925
6242
7759
7104
4588
2148
1107
822
821
742
705
689
705
681
637
598
612
625
635
656
694
776
905
993
1016
940
868
832
810
790
715
607
522
447
370
325
292
280
274
240
225
235
213
202
200
168
166
177
178
229
310
456
691
909
1099
1119
961
724
477
293
181
124
106
95
94
103
94
93
90
96
98
109
109
114
108
102
92
95
118
131
137
143
149
146
131
114
98
91
85
79
70
61
54
51
55
61
60
70
87
84
80
82
99
96
76
62
62
54
56
57
46
44
47
53
46
49
52
51
47
37
34
41
46
48
60
71
75
76
80
86
86
74
57
52
58
61
55
53
53
54
63
63
60
59
58
60
62
55
46
46
45
38
33
32
29
26
26
21
18
24
25
23
18
22
37
43
55
74
88
109
134
106
102
97
96
68
59
45
32
27
20
14
11
9
9
11
9
6
10
8
6
6
6
8
9
12
8
10
9
13
0
