0
0
2501
7168
3752
3990
4029
4064
4273
5013
5305
5315
5090
4999
7074
6916
4766
4379
4324
4178
3938
4017
4218
3968
3410
2886
2597
2488
2417
2475
2485
2485
2420
2428
2356
2457
4108
7214
10389
9914
5920
2457
1461
1614
1922
1937
1620
1461
1924
3281
5881
8154
8108
5566
2589
1261
842
875
777
736
702
733
714
681
612
625
648
648
668
695
752
874
1033
1052
1050
877
889
824
841
785
667
561
501
400
352
308
287
296
259
224
251
230
204
221
180
161
188
176
194
292
370
603
882
1055
1260
1076
859
575
340
216
129
114
100
93
111
98
97
91
100
99
113
112
119
112
109
98
89
118
137
140
150
151
166
131
130
94
98
86
84
75
63
57
49
56
67
58
68
96
85
82
82
105
102
79
63
65
56
59
59
46
45
49
58
45
54
53
52
50
34
36
45
51
45
70
78
78
79
87
92
90
71
50
58
61
68
50
60
50
62
71
61
62
63
56
67
64
48
43
54
41
34
34
33
24
29
25
13
26
25
24
18
20
39
44
55
77
90
113
140
110
105
100
100
66
60
43
31
26
19
13
10
11
9
15
4
11
10
7
7
6
9
9
14
9
11
8
15
9
8
10
8
8
6
4
9
206
