0
0
0
0
0
0
0
0
1760
5802
4374
3883
3852
3929
4123
4669
5070
5114
5074
5323
6319
6306
5077
4290
4153
4080
3948
3902
3932
3788
3373
2676
2427
2388
2369
2344
2354
2337
2282
2260
2238
2679
4485
7374
9428
8393
5266
2651
1655
1631
1798
1769
1528
1526
2260
3921
6224
7845
7162
4678
2318
1214
846
739
749
708
729
701
669
628
598
584
586
620
652
666
774
912
985
1017
986
929
911
907
862
738
615
493
429
399
332
290
273
263
242
224
205
204
213
206
174
174
170
161
210
290
431
693
953
1102
1124
992
741
480
291
181
132
94
91
102
110
115
91
92
104
101
107
101
111
114
112
108
99
108
139
144
150
158
157
139
121
106
96
86
75
65
64
63
57
55
57
59
63
68
71
87
98
87
94
89
81
72
48
49
58
55
49
47
46
45
47
47
46
48
44
45
49
47
52
53
56
62
74
91
91
85
79
68
50
53
59
57
54
52
57
62
64
65
67
66
60
57
56
47
40
40
38
31
29
31
30
22
20
16
19
21
20
22
29
27
31
46
65
89
110
113
130
112
104
90
70
54
41
31
20
14
14
10
9
9
7
12
11
9
10
6
6
5
5
4
12
7
8
8
6
0
