0
0
2469
7179
3788
4036
3964
4082
4270
4975
5348
5252
5281
5078
7263
6740
4772
4297
4307
4237
4035
4001
4118
3951
3562
2672
2492
2467
2448
2422
2432
2419
2356
2342
2279
2425
4107
7210
10426
9709
5826
2518
1489
1635
1865
1959
1608
1365
1919
3442
5936
8320
8074
5458
2704
1358
908
759
789
725
760
731
703
657
623
600
608
606
698
660
722
931
1019
1043
1072
948
948
928
946
798
680
537
448
434
360
306
284
279
255
239
212
209
217
232
179
170
198
148
186
278
360
597
962
1128
1207
1113
860
539
333
188
151
96
88
106
111
125
94
94
108
104
112
103
116
119
115
116
103
95
155
145
155
163
176
138
131
103
106
85
81
62
69
67
57
56
60
63
67
72
73
93
103
88
100
90
82
74
46
53
62
55
49
50
47
48
50
47
50
52
38
57
45
53
56
52
67
58
94
95
93
82
86
55
49
63
58
60
51
58
64
69
65
72
68
68
52
63
52
39
42
45
31
28
34
33
21
22
15
21
23
20
24
31
27
35
50
71
96
119
117
140
108
109
85
66
49
39
27
14
16
12
9
12
6
13
12
10
12
7
7
6
6
4
14
7
10
8
6
12
2
10
9
4
2
5
1
212
