0
0
2522
7264
3811
3996
4026
4101
4347
4967
5196
5208
5185
5148
7233
7019
4800
4296
4127
4222
4075
3947
4076
4007
3506
2747
2638
2503
2412
2422
2428
2459
2357
2282
2356
2353
4159
7324
10470
9804
5993
2492
1527
1561
1854
1888
1597
1427
1861
3335
5889
8197
8065
5441
2663
1236
867
868
803
713
701
714
687
688
615
614
643
603
629
656
730
819
1042
1042
1090
928
906
991
868
800
642
502
489
389
372
333
319
256
242
239
268
221
237
189
162
178
170
157
208
304
385
611
901
1137
1192
1130
829
558
349
229
143
115
94
97
117
102
92
105
103
108
107
98
134
111
115
127
112
130
121
137
164
163
154
130
103
86
92
89
78
70
60
57
67
42
64
61
80
80
68
77
92
79
93
84
59
64
51
65
45
53
52
66
52
44
51
58
57
63
38
39
57
46
77
56
80
90
100
86
86
85
84
77
68
52
62
53
60
59
66
56
83
52
61
52
50
55
59
61
30
38
30
29
39
23
36
23
25
26
15
22
17
28
32
36
54
66
108
126
121
154
111
93
71
62
51
37
21
19
21
14
6
10
11
9
6
9
14
10
7
10
12
11
2
7
6
14
4
3
2
5
7
16
4
7
6
203
