0
0
0
0
0
0
0
0
1796
5857
4415
3855
3886
3954
4176
4664
4966
5032
5018
5319
6359
6449
5181
4263
4056
4030
3954
3870
3905
3811
3364
2743
2550
2424
2336
2343
2348
2368
2278
2225
2270
2639
4478
7369
9443
8551
5466
2742
1658
1592
1753
1733
1538
1528
2159
3757
6060
7751
7236
4756
2312
1127
838
827
759
687
681
683
667
644
602
603
605
596
613
656
727
861
979
1024
992
908
906
911
827
731
589
483
449
372
351
319
295
245
234
238
246
220
214
179
163
168
161
170
227
308
439
659
911
1084
1126
1006
755
509
325
210
139
108
91
95
111
97
89
101
99
103
103
100
122
111
112
117
114
120
121
134
152
156
145
125
102
89
86
85
77
68
60
58
58
48
56
61
73
77
67
72
86
79
87
84
62
59
53
59
50
48
51
58
56
46
46
52
56
57
49
37
45
53
57
66
64
81
90
91
83
83
83
79
71
60
55
56
55
57
59
59
64
66
58
54
52
50
52
56
52
35
33
31
29
33
26
31
24
23
24
17
19
18
24
28
32
47
59
91
115
117
136
124
97
79
64
55
43
29
20
18
18
11
5
9
10
8
5
8
13
9
7
8
10
10
3
5
6
10
6
0
