0
0
2440
7215
3894
3971
3946
3952
4275
4934
5425
5370
5154
5118
7129
6893
4850
4360
4221
4060
4063
3946
4170
3995
3505
2795
2614
2431
2400
2448
2481
2434
2450
2312
2294
2442
4125
7268
10413
9769
5906
2586
1532
1578
1922
1923
1647
1369
1970
3364
5969
8105
8011
5617
2677
1251
895
833
753
721
643
686
713
650
618
607
623
611
625
682
737
839
1031
1101
1062
928
895
899
841
795
664
539
513
383
379
335
275
253
217
217
250
191
181
195
186
179
187
164
209
270
371
593
900
1132
1228
1127
911
571
317
189
145
130
101
101
94
86
88
114
93
115
97
125
105
90
114
118
120
132
147
158
152
155
167
163
133
123
86
89
83
67
57
55
74
60
68
60
65
72
82
95
102
97
82
80
67
60
70
67
51
49
59
47
56
52
59
50
42
55
51
52
56
42
49
63
88
85
79
94
76
93
71
70
52
54
55
64
67
59
55
63
65
68
56
62
62
46
47
36
41
47
33
40
25
25
24
15
23
27
18
20
23
31
24
41
66
61
95
100
137
135
133
100
84
65
53
39
22
21
11
12
9
13
19
10
12
8
8
14
5
10
7
11
12
10
5
6
6
11
5
15
11
9
6
6
7
211
