0
0
0
0
0
0
0
0
1739
5821
4461
3855
3826
3830
4094
4650
5118
5187
5044
5287
6289
6359
5170
4326
4091
3972
3910
3889
3960
3816
3360
2772
2527
2363
2327
2370
2399
2359
2354
2245
2249
2695
4512
7406
9446
8445
5337
2711
1670
1629
1805
1772
1544
1549
2265
3891
6175
7692
7152
4785
2275
1132
852
788
722
679
632
670
671
623
597
593
598
597
624
674
747
876
1003
1042
980
899
870
850
801
727
607
515
458
369
354
307
260
236
210
219
225
182
179
185
179
176
172
177
220
293
434
668
926
1105
1139
1020
779
495
285
179
139
119
99
97
90
83
90
107
93
108
98
118
99
93
109
113
117
128
142
150
149
152
157
150
132
111
91
84
78
65
57
57
64
62
63
61
62
68
78
89
97
94
81
79
66
59
65
65
53
48
54
49
51
52
54
51
44
47
52
49
51
47
44
56
73
84
80
82
83
80
79
68
59
50
51
56
61
61
56
57
60
62
61
58
59
54
46
42
38
39
40
35
33
26
24
22
16
21
24
18
18
21
29
24
37
59
61
87
94
124
131
129
106
86
69
56
43
29
21
15
10
10
9
14
15
9
10
7
8
11
4
9
6
10
11
9
5
4
5
0
