0
0
2424
7373
3762
4004
3991
3990
4306
4930
5386
5203
5100
5157
6982
6897
4805
4236
4195
4086
4061
4050
4087
4032
3533
2841
2584
2449
2496
2425
2380
2421
2421
2373
2258
2457
4000
7381
10365
9683
5858
2384
1452
1557
1922
1949
1585
1374
1887
3498
5914
8110
8121
5551
2656
1298
904
796
770
769
710
737
718
714
611
607
600
606
641
654
839
885
1057
1059
1030
965
855
923
947
830
667
585
425
414
354
325
287
277
254
227
236
208
201
210
175
197
189
180
187
251
415
665
858
1157
1308
1152
882
592
370
195
146
114
120
105
106
101
118
92
99
99
109
109
133
121
111
117
117
125
131
156
190
163
155
130
130
126
99
92
94
69
59
63
69
58
61
55
81
78
76
87
84
94
70
69
67
55
68
49
55
40
47
59
39
53
45
41
44
55
61
46
44
56
45
67
78
71
81
102
90
90
72
69
69
56
54
57
54
68
68
61
78
64
48
60
45
64
53
34
35
43
36
29
33
21
15
33
20
23
23
16
21
25
43
38
48
78
111
103
129
120
123
106
96
56
57
43
36
19
13
7
14
11
17
10
9
8
9
8
7
11
18
10
11
11
7
6
8
7
9
5
3
10
10
3
4
206
