0
0
0
0
0
0
0
0
1728
5935
4396
3856
3866
3870
4126
4656
5077
5075
4976
5271
6232
6310
5121
4247
4051
3979
3936
3930
3939
3828
3387
2802
2511
2385
2410
2346
2305
2343
2339
2283
2233
2680
4480
7469
9427
8365
5211
2560
1587
1610
1813
1764
1516
1522
2278
3970
6182
7725
7184
4702
2254
1164
850
764
745
730
693
709
695
660
596
586
582
598
621
705
810
921
1005
1013
974
896
863
897
872
751
622
516
408
383
334
303
275
261
238
221
220
200
197
191
178
186
181
177
205
302
485
694
931
1148
1188
1027
769
517
313
185
134
114
112
102
101
100
108
90
95
97
105
109
126
116
109
112
114
120
131
157
171
160
144
130
124
115
99
91
84
69
60
60
62
58
57
58
74
76
75
82
82
89
69
67
66
54
63
50
51
41
44
52
43
46
46
41
41
49
55
50
44
47
50
55
69
72
74
87
93
87
78
68
66
60
54
53
54
58
64
63
67
68
56
53
51
52
55
46
35
35
37
33
30
29
20
18
27
21
21
22
16
19
24
39
37
44
72
103
101
120
118
118
106
94
65
54
46
37
26
15
9
9
12
12
14
9
8
7
8
7
6
11
15
9
10
10
6
6
6
0
