0
0
2463
7229
3747
4041
4003
3974
4260
4987
5394
5161
5192
5083
7092
6981
4831
4181
4341
4044
3976
3962
4173
4049
3438
2851
2551
2501
2463
2560
2401
2400
2356
2363
2295
2486
4072
7370
10505
9833
5880
2413
1621
1594
1883
1919
1626
1420
1854
3464
6005
8242
8110
5562
2630
1202
879
857
793
758
704
691
680
628
624
610
626
596
655
669
766
843
1007
1043
1030
965
877
937
914
801
613
589
437
432
348
310
271
252
254
224
236
241
200
194
196
200
176
177
199
262
396
581
898
1035
1188
1105
868
572
308
206
150
114
113
95
119
96
101
93
101
87
127
115
108
97
93
105
107
110
129
151
151
168
158
147
117
111
118
103
79
66
81
55
65
45
52
51
75
82
79
111
111
105
78
86
78
66
52
53
63
52
50
52
64
49
43
45
48
37
56
52
58
47
56
72
74
98
78
82
86
96
71
58
49
61
71
60
63
59
61
62
47
64
58
64
73
60
51
51
36
28
38
27
19
25
29
23
21
21
20
18
21
20
36
38
66
93
95
115
139
114
97
106
66
51
67
30
37
20
18
17
8
12
9
10
9
10
17
9
9
7
16
12
14
5
6
5
5
12
11
5
5
7
8
4
6
222
