0
0
0
0
0
0
0
0
1754
5816
4360
3876
3878
3855
4085
4669
5085
5061
4997
5262
6255
6397
5169
4256
4099
3976
3860
3872
3972
3846
3341
2799
2493
2420
2387
2473
2326
2319
2282
2275
2260
2693
4441
7373
9464
8548
5409
2723
1702
1632
1781
1764
1558
1524
2179
3845
6137
7798
7322
4865
2289
1105
846
817
761
723
679
667
645
611
600
595
594
600
630
679
754
863
964
999
976
911
876
894
853
728
593
534
421
399
328
291
259
243
239
219
228
222
195
188
189
185
174
177
210
289
425
642
867
1030
1101
1008
782
514
298
195
142
113
107
95
112
92
97
89
96
89
118
112
103
94
92
99
102
109
125
141
149
155
153
138
120
110
109
99
80
69
70
61
57
48
48
50
67
77
78
101
106
103
82
80
78
66
54
50
57
55
49
49
56
54
45
41
44
43
44
53
51
52
49
60
70
80
86
76
80
86
82
65
54
52
60
63
60
59
59
58
55
53
57
59
62
65
58
51
47
36
30
32
27
20
22
27
23
21
20
20
19
18
19
30
34
55
81
89
103
124
120
101
97
84
58
55
50
30
30
19
17
14
7
11
8
9
8
10
15
9
8
8
13
12
11
7
4
5
4
0
