0
0
0
0
0
0
0
0
1791
5915
4392
3752
3879
3873
4100
4688
5079
5202
5040
5269
6341
6465
5176
4292
4160
4059
3933
3850
3894
3759
3337
2751
2482
2380
2349
2406
2337
2336
2378
2293
2185
2593
4348
7203
9341
8578
5513
2739
1635
1622
1770
1763
1557
1451
2096
3712
5960
7738
7425
4973
2457
1124
837
787
805
699
681
664
664
664
609
559
559
601
625
671
764
910
1025
1026
976
917
859
879
871
738
624
525
445
373
352
313
284
248
266
240
223
201
186
185
187
168
153
170
201
267
392
607
876
1074
1123
1007
766
502
312
209
154
124
108
105
103
90
98
93
100
104
108
100
114
107
101
107
103
104
118
133
148
154
153
143
125
111
102
88
67
70
60
58
60
60
63
51
62
82
86
83
84
75
79
80
71
66
61
55
55
53
48
45
49
56
56
56
47
40
43
51
43
49
58
55
67
78
97
102
91
99
82
63
59
60
62
65
61
54
52
57
59
58
60
65
61
53
45
45
48
52
42
31
32
27
25
20
23
19
22
14
13
24
27
28
35
51
59
76
97
113
119
109
101
85
59
50
41
30
27
18
10
16
13
10
9
6
10
11
6
8
10
7
9
12
9
8
10
10
9
0
