0
0
2527
7352
3742
3881
4053
3987
4281
5031
5323
5473
5100
5120
7244
7053
4730
4308
4353
4164
4076
3912
4097
3922
3462
2776
2552
2457
2429
2491
2414
2411
2477
2389
2208
2369
4084
7268
10405
9834
5846
2476
1385
1697
1848
1894
1680
1303
1827
3445
5888
8169
8155
5537
2769
1212
876
808
856
721
707
688
676
714
635
583
542
640
633
675
756
899
1095
1084
1009
979
867
902
947
782
664
558
475
389
371
328
303
251
284
249
235
212
188
193
196
188
138
182
191
255
365
566
896
1132
1205
1092
829
524
320
216
159
128
111
108
107
94
103
96
105
109
116
97
126
108
101
117
102
106
128
135
167
152
168
143
128
110
107
90
57
84
52
65
62
64
67
48
71
92
87
84
90
73
87
79
69
70
59
55
59
51
47
46
58
57
61
54
42
39
56
45
46
63
54
66
78
90
121
81
111
96
60
64
62
63
72
67
54
51
62
60
63
60
73
63
54
45
48
51
56
41
29
36
26
25
18
26
17
26
9
18
29
30
33
42
63
64
95
109
129
116
107
99
64
54
45
32
29
20
11
17
14
10
11
6
12
11
6
11
11
6
13
13
8
11
10
13
6
11
9
5
5
8
10
8
4
213
