0
0
0
0
0
0
0
0
1742
5784
4410
3892
3873
3925
4178
4664
5003
5154
5055
5251
6247
6304
5086
4249
4101
4045
3936
3861
3903
3803
3386
2780
2483
2453
2333
2440
2371
2326
2314
2283
2222
2661
4451
7314
9352
8503
5388
2709
1677
1643
1796
1753
1505
1456
2186
3931
6239
7763
7228
4856
2281
1151
858
805
755
703
686
676
648
634
580
585
601
613
614
663
778
907
998
1028
965
855
819
849
834
743
644
529
428
373
330
283
273
265
239
230
233
220
201
169
169
167
171
181
198
272
434
669
928
1112
1159
1044
793
518
310
185
126
109
89
93
100
107
83
99
92
106
96
104
100
97
100
101
104
109
128
150
153
156
153
145
136
124
101
84
79
69
59
57
61
51
60
59
57
63
82
79
90
92
99
79
78
62
65
52
52
52
50
50
45
43
45
53
54
44
45
50
46
43
49
58
70
88
88
85
92
91
75
65
66
60
61
64
62
61
64
64
61
62
62
63
66
67
61
53
46
37
35
36
32
30
32
28
16
18
16
17
16
15
23
34
38
51
57
84
110
109
112
117
111
95
67
48
40
30
22
20
16
10
8
8
3
7
13
10
8
10
8
8
9
10
11
10
9
5
5
0
