0
0
2445
7164
3844
4036
3992
4068
4359
4953
5226
5406
5176
5046
7128
6813
4763
4237
4257
4186
4061
3931
4082
3989
3535
2814
2536
2548
2400
2524
2452
2403
2392
2377
2252
2425
4070
7271
10221
9892
5894
2532
1523
1632
1898
1913
1609
1301
1820
3471
6074
8197
8043
5660
2654
1268
899
842
795
731
709
713
660
689
586
603
615
639
634
635
767
906
1030
1075
1059
894
820
874
899
793
698
581
460
396
358
296
283
283
252
236
245
227
225
169
176
172
176
182
200
222
386
606
905
1149
1235
1165
902
580
345
201
126
119
89
97
102
116
84
104
94
111
99
109
103
99
105
104
110
109
124
169
147
172
151
158
134
140
98
83
84
72
58
56
73
43
69
59
59
66
88
81
96
95
105
78
81
62
70
49
57
52
52
52
43
48
44
66
49
41
54
51
44
44
58
59
88
98
82
96
97
91
63
75
63
59
70
64
65
60
75
59
68
64
63
70
70
68
52
53
36
37
40
31
32
35
31
13
20
16
19
16
17
26
38
42
56
61
95
121
109
119
122
111
91
54
46
37
23
21
20
12
9
10
4
7
14
11
9
11
9
9
10
12
11
11
9
5
7
4
5
8
9
7
5
6
7
220
