0
0
2429
7349
3769
3984
3995
3985
4319
4881
5270
5314
4984
5044
7287
7059
4775
4220
4235
4136
4032
4058
4233
4033
3434
2807
2549
2516
2501
2400
2398
2394
2445
2331
2338
2456
4007
7201
10304
9828
5802
2603
1529
1541
1923
1953
1643
1395
1871
3289
5888
8038
8110
5587
2733
1265
866
880
794
694
772
694
723
695
665
665
659
557
656
683
684
885
1041
1074
1070
973
884
933
921
838
659
502
464
430
316
341
283
279
271
254
241
222
185
178
174
192
174
166
201
273
430
595
890
1200
1189
1160
885
577
360
202
145
113
123
129
104
85
99
108
98
123
107
125
117
119
86
87
100
128
139
153
172
177
177
141
121
114
98
84
79
74
63
59
57
58
62
64
71
61
84
85
67
80
91
77
48
56
59
58
51
45
41
53
56
46
48
49
45
50
60
51
72
49
61
64
87
83
90
86
82
88
86
63
71
52
46
66
67
59
67
60
59
80
48
58
53
52
46
39
37
45
37
28
30
27
24
18
24
19
23
24
17
17
28
54
54
71
97
113
119
119
128
96
83
59
58
25
30
15
15
11
10
8
10
13
13
7
8
11
7
4
8
8
4
11
7
6
13
6
4
8
6
5
9
4
3
183
