0
0
0
0
0
0
0
0
1731
5916
4394
3840
3862
3865
4127
4612
5001
5090
4924
5220
6370
6475
5156
4239
4075
4008
3933
3952
4025
3841
3323
2764
2489
2437
2415
2322
2320
2321
2349
2266
2282
2680
4409
7294
9370
8450
5338
2725
1664
1608
1807
1788
1558
1527
2176
3787
6069
7665
7243
4810
2340
1141
839
832
747
688
729
680
690
665
646
642
603
585
632
657
738
892
1000
1033
1000
919
881
894
865
758
595
476
439
387
310
315
273
269
258
242
228
205
179
172
174
178
168
173
216
313
457
665
940
1118
1142
1029
781
519
318
192
136
114
119
120
97
84
96
103
97
117
105
119
114
108
86
86
100
121
135
150
163
169
161
138
120
108
95
83
77
70
63
58
56
55
59
61
66
62
77
81
66
75
86
77
51
52
56
57
51
45
41
46
52
49
45
46
46
46
52
55
57
59
52
61
72
83
83
86
82
81
85
73
64
60
49
53
61
61
60
61
59
65
62
54
53
52
49
43
39
37
40
34
29
28
27
23
19
22
19
21
22
17
16
25
47
51
64
88
104
112
115
120
103
85
66
57
39
26
22
14
13
10
9
7
9
12
11
6
7
10
6
3
7
7
5
9
7
6
10
0
