0
0
2454
7467
3853
3937
4104
3974
4348
4855
5276
5332
5130
5046
7096
6874
4803
4230
4222
4108
4054
4008
4122
4032
3494
2806
2642
2457
2457
2504
2473
2438
2339
2304
2249
2475
4057
7320
10270
9788
5736
2502
1452
1569
1884
2006
1688
1398
1892
3414
6020
8013
8061
5542
2723
1244
923
838
789
761
730
712
769
701
639
597
629
573
639
699
771
852
1015
1145
1055
979
894
909
864
750
658
572
442
424
375
355
299
279
248
266
238
226
206
183
165
177
188
190
210
262
399
593
929
1123
1260
1146
874
525
319
211
137
117
117
94
112
97
96
103
101
109
103
96
124
116
97
113
115
112
128
147
153
142
152
128
122
105
97
72
80
66
65
65
48
75
58
56
61
76
82
110
97
79
106
90
77
58
49
56
55
51
54
56
42
46
53
43
45
58
46
54
61
68
68
62
57
85
100
96
72
79
61
79
58
56
68
53
69
64
64
63
61
68
67
61
55
62
46
50
44
41
33
29
23
24
25
16
24
22
12
21
20
18
20
36
61
74
92
101
115
133
123
86
83
58
35
29
30
25
13
11
13
8
15
5
9
10
11
10
4
8
9
12
9
13
10
7
6
7
10
18
6
7
6
8
7
207
