0
0
0
0
0
0
0
0
1749
6009
4483
3823
3939
3882
4146
4606
5004
5121
5010
5237
6249
6332
5117
4250
4067
3995
3929
3911
3951
3828
3360
2782
2553
2391
2380
2423
2393
2353
2266
2226
2223
2698
4486
7390
9380
8385
5228
2618
1614
1600
1812
1820
1586
1545
2241
3928
6185
7650
7164
4743
2308
1133
874
800
757
729
702
704
723
663
609
591
586
584
634
698
769
879
1015
1058
1001
922
878
862
798
700
611
515
423
396
357
328
284
263
244
250
227
213
193
173
164
173
180
190
220
300
446
683
935
1117
1160
1019
746
469
290
189
131
114
108
95
105
93
93
99
97
105
98
97
118
109
98
107
110
112
126
140
144
141
138
127
115
103
89
76
72
66
63
60
56
64
59
56
59
70
80
102
95
78
99
89
76
59
49
52
54
50
51
52
45
42
48
46
43
49
50
48
55
61
65
63
59
70
89
94
81
71
68
67
66
56
59
58
59
63
62
61
61
61
64
63
58
56
54
48
46
43
38
32
27
23
22
23
17
22
21
13
19
20
18
18
32
55
68
85
94
107
124
121
93
81
63
42
30
28
27
18
12
10
10
9
11
5
8
9
10
8
3
7
8
11
8
11
10
7
6
0
