0
0
2470
7205
3809
4053
4064
3908
4281
4998
5212
5235
5204
5129
7153
6864
4834
4136
4417
4081
4041
3934
4080
3969
3467
2877
2656
2547
2457
2449
2403
2392
2385
2363
2367
2462
4231
7168
10443
9910
5747
2520
1508
1579
1971
1904
1647
1384
1802
3387
5955
8111
8146
5479
2651
1321
860
795
786
753
681
715
704
713
683
622
626
644
633
612
747
824
1007
1156
1035
965
931
932
921
763
699
550
455
421
370
309
265
259
263
245
235
232
197
189
192
173
158
181
208
276
375
591
884
1145
1211
1101
863
565
335
216
144
106
116
118
98
77
104
96
100
90
103
128
109
109
101
109
112
107
126
173
176
184
141
138
130
108
87
95
75
67
77
70
55
54
48
56
63
71
70
98
82
89
81
70
64
62
56
67
42
49
46
48
43
54
62
58
42
47
57
47
60
52
71
67
76
72
90
89
89
81
59
63
53
56
60
65
71
71
66
67
68
48
52
69
58
56
59
40
42
44
37
30
36
24
19
16
19
22
18
15
20
23
39
56
69
89
95
98
124
123
117
85
88
61
54
37
20
19
15
16
17
9
13
13
16
10
7
16
10
10
6
7
8
16
8
6
13
8
8
7
4
11
8
6
5
212
