0
0
0
0
0
0
0
0
1750
5795
4408
3894
3923
3819
4079
4658
4980
5049
5029
5289
6261
6363
5141
4248
4128
4025
3897
3851
3895
3786
3360
2837
2581
2464
2377
2367
2324
2312
2304
2287
2302
2703
4428
7181
9363
8599
5495
2781
1671
1621
1814
1781
1563
1484
2077
3688
5985
7700
7414
4909
2379
1212
823
767
755
716
669
686
683
680
647
611
609
616
607
638
725
843
993
1058
995
931
903
898
852
731
648
517
434
400
347
291
256
251
250
236
228
217
193
184
180
166
161
178
215
283
408
618
878
1080
1131
1022
798
535
327
208
140
106
111
112
94
74
99
93
95
89
99
117
109
104
100
103
106
107
125
154
170
168
149
133
124
107
92
86
77
68
71
69
57
53
48
51
57
65
67
86
84
83
82
72
64
60
57
59
52
43
46
44
44
46
54
57
50
42
48
52
49
56
56
67
66
72
76
85
86
84
72
61
57
54
54
58
62
66
67
65
63
61
51
52
60
59
55
54
43
39
41
37
30
32
26
20
17
16
19
19
16
16
20
30
46
59
76
87
91
104
119
116
102
82
78
57
48
32
19
18
14
15
16
9
11
12
14
10
7
13
11
9
7
5
7
11
10
6
8
0
