0
0
2475
7355
3832
3943
3943
4075
4317
4940
5387
5208
5110
5166
7107
6922
4821
4297
4293
4075
4111
3945
4147
3959
3391
2742
2566
2453
2401
2474
2377
2349
2365
2382
2270
2444
4053
7155
10479
9863
5789
2518
1531
1714
1895
1981
1618
1429
1917
3471
5776
8094
8149
5499
2697
1257
877
816
855
769
688
707
737
728
660
669
604
585
621
698
774
860
1003
1080
1060
934
937
878
853
815
659
519
454
419
351
286
302
246
268
220
230
238
186
176
202
187
175
184
207
264
364
643
914
1162
1260
1096
838
551
339
219
137
133
127
96
121
104
111
93
104
105
107
132
120
116
106
103
110
133
134
138
168
165
142
160
126
120
110
74
71
85
50
65
57
67
57
52
67
64
84
78
87
94
80
86
79
56
60
59
52
48
48
61
56
63
47
50
45
46
46
42
61
59
59
72
76
70
93
109
88
79
77
72
61
77
70
56
76
67
62
60
78
61
62
53
57
40
63
49
48
40
22
24
27
29
19
32
22
14
14
21
18
29
23
32
53
73
114
114
137
123
133
89
76
68
50
29
21
30
14
15
18
14
12
5
9
6
9
8
10
6
8
12
6
4
9
11
8
7
7
4
5
7
6
4
6
192
