0
0
0
0
0
0
0
0
1763
5930
4443
3821
3815
3919
4151
4658
5077
5077
4981
5291
6290
6364
5156
4301
4113
4006
3938
3893
3939
3772
3273
2714
2489
2377
2329
2391
2299
2275
2289
2287
2239
2674
4425
7318
9469
8493
5312
2681
1704
1684
1830
1790
1560
1556
2260
3864
6030
7705
7251
4737
2311
1137
837
796
808
726
669
690
710
685
647
625
585
581
625
694
771
876
983
1028
980
917
886
846
816
740
601
484
429
388
324
278
278
243
247
214
224
215
179
178
188
179
173
185
218
285
444
689
943
1128
1148
989
740
493
309
197
137
128
116
98
114
101
105
90
100
101
106
125
117
111
103
101
110
124
129
139
155
155
146
142
128
116
100
78
71
72
58
57
58
60
56
53
61
64
78
76
83
89
79
81
78
58
57
58
52
48
46
54
56
58
51
46
46
43
44
43
49
59
57
63
70
72
79
96
96
81
76
73
65
66
70
62
63
68
63
60
65
66
61
57
54
49
48
53
50
44
35
24
22
25
26
21
28
22
14
13
19
18
26
24
29
47
66
101
109
125
122
124
100
78
69
55
37
24
24
22
13
15
16
13
10
4
8
5
8
7
9
5
7
10
6
4
7
9
8
0
