0
0
0
0
0
0
0
0
1712
5858
4517
3856
3809
3823
4216
4690
5052
5073
4948
5214
6183
6314
5155
4317
4158
4049
3990
3992
4023
3813
3404
2832
2501
2452
2326
2231
2400
2331
2334
2296
2248
2692
4387
7141
9315
8608
5530
2751
1664
1661
1814
1762
1552
1523
2129
3657
5838
7650
7411
4944
2425
1190
848
828
745
682
683
666
684
648
601
589
581
588
623
671
754
855
948
999
969
889
844
850
848
775
630
509
418
367
351
314
269
271
246
228
227
216
205
194
180
172
174
182
216
285
411
631
901
1096
1116
1027
839
558
327
190
143
112
90
101
107
83
92
103
110
107
107
105
97
94
90
94
101
108
127
150
160
156
148
140
123
106
92
75
68
71
72
56
56
53
47
54
64
63
79
89
81
79
78
71
66
67
57
44
42
43
46
46
36
45
48
45
51
48
52
53
50
55
52
60
65
62
64
80
94
88
84
79
67
58
58
59
59
61
62
64
60
60
65
64
66
66
55
46
39
44
41
42
39
30
24
18
22
23
25
24
16
20
23
25
39
50
61
84
103
130
144
108
86
84
76
49
40
22
28
15
15
10
11
12
12
7
12
11
11
9
12
9
8
9
6
6
10
8
5
0
