0
0
2417
7333
3925
3972
3934
3952
4475
4956
5357
5236
5059
5117
7021
6857
4790
4323
4357
4121
4145
4098
4243
3945
3534
2869
2556
2542
2405
2307
2498
2404
2422
2390
2271
2493
4188
7209
10418
9868
5780
2418
1448
1719
1923
1903
1598
1432
1898
3447
5801
8080
8090
5456
2683
1281
879
868
781
698
719
676
722
688
610
612
605
588
649
671
762
871
975
1054
1031
923
863
881
891
833
668
541
441
381
368
332
277
286
257
233
239
224
213
204
185
176
180
189
199
293
370
623
914
1193
1170
1090
911
576
332
186
148
115
92
106
111
85
97
109
115
109
112
109
97
101
89
100
109
107
139
162
171
157
152
148
118
109
91
72
68
77
74
51
63
51
47
62
70
64
90
96
76
83
81
68
69
72
49
43
46
42
58
33
46
52
44
55
48
54
56
50
59
52
62
70
64
65
74
108
89
90
82
75
52
66
59
64
62
66
69
61
61
74
63
72
70
53
47
37
49
40
47
38
29
23
17
26
24
28
22
13
28
23
31
52
54
79
100
120
164
121
90
87
87
52
46
23
32
16
16
10
13
13
12
7
15
10
14
8
16
6
12
8
5
11
11
4
10
9
4
12
8
6
7
5
7
225
