0
0
2531
7325
3777
3954
3891
3983
4303
4902
5496
5184
5206
5043
7189
6975
4877
4230
4293
4203
4105
3876
4161
3999
3543
2893
2602
2465
2507
2457
2396
2407
2417
2419
2390
2476
4121
7293
10511
9825
5777
2385
1477
1546
1945
1875
1619
1350
1894
3438
5886
8142
7867
5314
2684
1248
862
815
802
744
703
737
747
643
648
624
628
628
642
656
738
870
1007
1071
1054
970
846
891
923
822
716
581
458
379
355
296
298
283
269
233
220
203
171
186
164
183
149
189
186
244
388
598
895
1135
1266
1107
905
579
316
198
138
122
113
86
109
112
105
105
96
114
126
98
127
91
116
121
96
111
142
155
174
168
159
143
128
118
95
89
91
72
53
49
52
67
62
68
74
74
79
81
93
103
78
72
71
70
64
47
41
61
53
51
57
52
51
56
49
44
48
61
53
54
57
73
76
86
78
91
92
84
85
54
64
66
57
51
58
58
66
58
84
82
59
59
52
63
54
50
50
32
22
32
32
24
23
23
18
18
25
18
15
26
25
56
58
78
97
101
135
144
127
95
76
59
59
30
30
11
21
15
12
13
16
13
12
5
9
6
8
9
4
10
8
12
7
10
7
7
10
6
7
6
8
6
4
196
