0
0
0
0
0
0
0
0
1802
5903
4404
3817
3777
3837
4115
4634
5128
5104
5007
5264
6298
6429
5194
4283
4118
4071
3953
3852
3939
3828
3408
2849
2532
2396
2421
2375
2318
2327
2337
2335
2330
2713
4464
7355
9467
8510
5329
2635
1609
1603
1792
1748
1524
1498
2196
3821
6053
7667
7065
4662
2330
1135
826
786
764
711
688
713
693
631
619
608
606
612
623
661
750
874
979
1022
992
905
844
867
861
770
659
533
425
361
330
286
285
271
252
223
209
189
171
172
166
164
161
176
199
277
427
651
905
1107
1155
1027
799
520
299
187
134
118
105
88
105
108
101
101
93
110
117
101
113
96
109
111
99
110
133
151
162
162
152
139
125
112
96
88
84
71
55
48
51
61
61
63
69
71
75
76
86
97
81
71
70
68
63
50
41
51
55
50
52
53
50
51
51
46
44
51
56
51
53
62
71
77
80
80
88
86
82
69
57
60
60
54
52
55
58
60
65
76
72
61
55
54
56
53
49
45
33
25
28
30
25
23
22
18
17
22
19
16
22
24
46
54
69
87
94
117
135
129
105
82
65
57
44
29
23
13
19
14
11
12
15
12
10
4
8
5
6
7
4
8
8
10
8
8
7
0
