0
0
2414
7194
3912
4032
4081
4134
4378
4917
5344
5324
5215
5186
6992
6876
4788
4282
4255
4037
4030
3915
4130
3906
3493
2838
2537
2552
2391
2403
2468
2404
2484
2385
2207
2471
4031
7277
10448
9813
5922
2528
1559
1562
1831
1946
1640
1331
1894
3267
5992
8069
8180
5537
2719
1264
863
839
842
744
715
715
719
649
654
597
598
620
634
619
740
832
1029
1120
1032
941
863
911
863
843
697
585
447
392
357
349
314
268
243
224
233
221
213
185
181
166
188
168
203
287
393
615
877
1112
1250
1081
891
569
324
164
138
124
115
100
105
110
97
125
109
108
108
118
112
99
118
113
98
108
131
148
150
141
174
148
124
109
107
94
60
72
60
60
63
58
49
63
76
70
82
86
95
84
89
66
67
71
64
62
61
51
60
47
62
47
57
43
56
54
37
52
55
48
51
64
77
75
71
90
94
79
75
68
58
60
59
47
63
51
54
55
53
68
63
60
57
58
43
41
48
44
30
22
23
30
30
19
19
13
24
19
17
28
33
43
57
90
100
130
131
131
112
120
96
74
70
36
19
29
19
13
8
16
16
7
11
9
8
11
5
10
17
12
9
9
11
8
7
5
7
9
9
7
8
5
9
186
