0
0
0
0
0
0
0
0
1720
5802
4470
3905
3939
3996
4207
4659
5060
5147
5075
5320
6240
6301
5120
4278
4083
3962
3881
3857
3914
3752
3344
2790
2488
2455
2320
2329
2386
2335
2389
2289
2200
2689
4472
7421
9486
8472
5322
2684
1665
1598
1767
1767
1530
1507
2198
3855
6189
7718
7236
4719
2297
1132
831
812
791
714
692
692
675
633
614
582
585
602
606
648
739
874
1011
1040
971
889
860
860
831
766
642
523
416
369
343
327
291
252
230
218
222
212
198
180
171
169
173
177
225
310
457
675
913
1104
1129
992
760
491
277
163
131
118
108
98
102
104
99
118
105
104
105
114
107
100
112
106
97
108
127
141
142
147
155
141
121
108
100
84
67
63
60
58
59
56
51
60
70
70
77
82
90
82
85
65
64
67
62
60
60
52
55
49
55
51
51
47
49
51
44
44
51
50
48
57
68
74
72
78
87
84
75
69
61
56
57
52
53
55
51
51
52
57
61
60
58
56
50
43
41
44
39
29
23
23
28
27
20
18
15
21
19
18
26
30
40
53
83
94
120
124
126
113
114
99
78
68
46
25
23
23
15
10
10
15
12
7
10
8
7
9
5
11
16
11
8
8
9
8
7
0
