0
0
2351
7406
3781
3987
4026
4027
4401
4934
5374
5272
5235
5103
7004
6937
4692
4186
4215
4154
4090
4040
4107
3976
3343
2765
2593
2494
2452
2358
2368
2283
2372
2421
2341
2424
4054
7283
10278
9892
5925
2451
1506
1676
2008
2019
1681
1397
1892
3462
6048
7960
8176
5503
2636
1260
878
830
859
691
753
761
720
710
603
637
636
597
616
660
789
868
989
1089
1039
886
861
890
912
828
662
532
461
420
333
309
282
267
266
237
242
200
207
175
173
203
151
171
215
249
411
592
874
1176
1226
1133
838
572
364
212
149
121
100
95
83
92
91
123
89
87
94
100
99
94
108
100
115
129
140
132
172
188
141
116
129
128
99
86
96
70
68
70
74
60
56
61
56
69
92
78
97
79
90
79
77
56
79
67
63
54
63
64
46
53
47
47
49
43
58
44
68
56
55
80
64
71
98
104
94
72
71
74
70
55
66
74
60
79
59
67
64
57
65
65
48
62
48
53
40
46
37
35
26
33
25
19
16
11
18
19
26
28
40
43
53
72
101
145
149
127
126
115
83
51
43
31
26
20
17
11
7
14
13
12
13
15
11
4
11
12
6
5
12
13
12
10
5
10
5
7
8
7
6
5
5
206
