0
0
0
0
0
0
0
0
1666
5914
4431
3841
3881
3898
4188
4664
5064
5120
5052
5264
6196
6328
5097
4195
4055
4020
3961
3928
3934
3778
3261
2732
2516
2415
2370
2280
2284
2218
2289
2323
2287
2644
4350
7189
9297
8598
5543
2766
1683
1681
1883
1855
1602
1521
2156
3784
6031
7608
7417
4905
2349
1163
841
805
802
684
725
725
697
658
605
610
603
588
605
673
768
865
970
1022
963
867
843
863
859
766
618
502
438
391
317
294
270
259
252
231
223
199
190
173
175
176
160
174
210
283
423
624
885
1101
1152
1033
785
540
344
208
145
116
97
91
80
88
89
114
88
85
89
94
96
94
100
100
109
122
130
137
158
168
145
121
120
120
102
88
86
75
66
66
69
61
55
56
56
63
82
79
87
81
83
81
76
61
67
69
62
57
56
60
54
46
49
45
45
46
46
52
50
61
54
62
72
63
76
94
96
84
72
69
70
63
58
63
66
65
67
62
61
61
58
60
59
53
55
50
48
41
41
37
34
27
29
26
20
17
12
14
16
22
25
33
38
46
60
84
118
140
134
122
117
99
69
47
38
28
24
19
16
10
6
13
13
12
11
13
11
5
8
10
7
5
8
11
12
10
7
0
