0
0
2435
7385
3700
3987
3904
4072
4385
5059
5290
5030
5125
5099
7123
6872
4735
4509
4229
4208
4031
3953
4130
3921
3472
2748
2562
2442
2484
2433
2412
2332
2390
2426
2246
2388
4141
7210
10320
9875
5895
2556
1505
1600
1879
2015
1672
1374
1895
3449
5870
8180
8264
5460
2745
1213
907
809
760
753
677
694
749
676
636
582
636
597
663
684
761
829
1016
1164
1031
920
850
874
878
806
652
541
465
383
357
339
331
248
257
235
222
214
205
197
200
166
170
191
195
265
400
548
938
1092
1243
1153
840
568
299
195
139
126
125
106
118
105
120
92
108
136
121
129
114
112
132
109
107
133
130
172
150
145
136
122
111
111
111
96
93
67
76
66
58
53
65
70
54
87
74
93
95
95
77
73
82
59
58
49
62
43
74
34
55
51
60
57
51
43
55
60
56
58
61
76
82
95
77
96
78
80
73
68
68
52
45
57
60
60
56
67
68
71
51
66
51
40
58
52
43
29
49
28
26
22
23
23
21
27
16
23
19
25
43
44
55
75
110
123
140
136
144
91
97
68
60
38
19
23
12
21
13
11
13
14
9
6
14
10
10
6
4
10
13
16
10
6
7
6
8
7
7
7
4
5
3
229
