0
0
0
0
0
0
0
0
1735
5942
4362
3828
3794
3909
4200
4742
5030
4950
4927
5260
6264
6330
5144
4372
4163
4043
3929
3875
3923
3761
3326
2729
2485
2373
2399
2354
2331
2264
2311
2317
2217
2646
4458
7289
9377
8523
5419
2731
1665
1617
1813
1823
1579
1524
2214
3841
6080
7790
7362
4759
2355
1114
858
773
734
713
659
683
701
647
602
585
596
605
640
687
751
862
1014
1059
972
877
837
843
827
737
603
505
430
364
341
325
300
240
243
224
213
206
197
191
182
166
170
182
212
295
422
650
909
1088
1152
1022
762
496
284
183
136
122
118
105
112
103
113
90
107
130
118
121
112
112
120
109
109
122
135
152
148
139
130
119
110
107
104
95
85
72
69
65
57
54
59
64
57
79
73
86
89
90
77
72
76
61
57
50
56
49
59
48
45
51
53
57
52
46
47
54
57
54
57
65
76
84
84
81
84
75
75
69
66
59
49
48
54
57
57
58
62
65
61
58
57
48
45
51
49
40
34
40
31
26
22
21
22
21
25
17
20
20
22
37
40
50
67
96
114
128
133
136
108
90
79
61
47
29
19
18
14
18
12
10
12
13
8
6
13
9
9
6
4
8
11
14
10
6
5
0
