0
0
0
0
0
0
0
0
1803
5988
4501
3851
3858
3806
4148
4675
5117
5108
4995
5303
6345
6380
5164
4308
4105
3987
3895
3841
3888
3847
3390
2736
2472
2367
2359
2362
2409
2367
2299
2271
2321
2772
4560
7489
9454
8340
5189
2592
1611
1611
1790
1736
1497
1484
2224
3889
6174
7787
7079
4647
2254
1126
852
811
772
707
661
680
667
615
600
601
591
603
644
712
789
904
998
1016
968
908
882
869
811
706
596
500
413
364
341
305
275
249
249
232
241
229
218
192
189
172
165
191
222
303
470
690
919
1083
1134
1009
751
503
315
190
125
99
108
116
108
98
102
103
112
95
103
101
109
113
108
98
110
107
119
139
152
152
136
124
121
103
88
83
80
69
64
63
61
59
63
64
68
78
70
82
95
94
80
70
66
54
53
59
59
57
53
50
52
46
46
42
46
51
50
51
48
49
58
66
70
70
78
85
89
83
78
73
52
52
64
59
52
60
65
62
58
62
60
56
50
48
48
45
43
41
35
30
26
25
27
18
16
20
21
19
21
21
15
27
42
57
77
104
111
118
125
117
114
96
68
54
34
30
28
21
17
12
9
13
10
9
15
10
5
6
8
8
8
5
2
8
8
13
7
0
