0
0
2529
7411
3890
3962
3991
3901
4365
4929
5445
5227
5132
5120
7222
6868
4893
4269
4296
4057
4048
3911
4032
4076
3551
2753
2546
2436
2435
2437
2489
2450
2374
2339
2368
2540
4107
7328
10410
9669
5823
2466
1484
1546
1923
1880
1606
1319
1844
3390
5803
8269
7998
5508
2691
1254
890
846
815
749
677
702
710
644
609
637
598
625
628
722
781
878
1032
1070
1030
947
907
910
879
771
648
551
450
380
366
324
298
256
267
234
256
236
240
197
201
187
159
185
222
249
408
628
880
1104
1196
1161
867
574
370
211
138
97
109
123
115
102
106
103
121
97
107
104
113
118
117
94
119
107
120
140
163
156
153
110
147
100
94
78
93
68
64
69
61
60
67
67
68
87
69
85
101
98
82
72
67
55
54
62
60
58
54
51
56
44
51
40
53
52
53
54
45
56
62
76
69
76
85
90
98
74
91
62
45
63
71
51
57
70
66
61
57
73
53
59
44
56
44
46
43
41
29
28
23
35
18
15
22
22
18
23
22
14
28
44
60
81
110
117
124
131
118
118
94
62
54
27
34
25
19
17
8
14
14
6
17
13
6
7
9
9
9
6
2
9
8
15
8
3
7
5
11
5
6
2
3
228
