0
0
2502
7199
3863
4024
4047
4039
4349
4921
5318
5303
5210
5163
6973
6928
4756
4211
4264
4129
4117
3899
4128
4073
3410
2873
2521
2523
2480
2420
2384
2324
2313
2288
2285
2490
4163
7347
10188
9868
5820
2518
1500
1659
1892
1922
1605
1334
1904
3411
5928
8037
8139
5565
2746
1246
911
855
838
776
693
704
713
641
617
571
590
624
658
648
691
879
1012
1099
994
932
845
878
953
833
678
561
448
399
346
333
303
277
258
224
243
227
207
207
182
185
163
191
179
285
368
585
898
1146
1234
1125
870
601
369
220
171
118
105
103
106
106
114
117
99
83
106
123
126
113
109
109
110
111
148
134
159
191
162
138
119
101
112
91
96
75
67
66
50
50
60
61
75
78
86
86
95
90
93
59
65
62
53
41
60
56
45
55
66
47
58
55
43
56
58
54
54
67
70
84
75
101
87
101
108
88
64
69
77
65
56
52
57
66
56
59
42
63
57
52
73
54
50
43
41
44
29
31
23
22
27
23
25
19
27
12
25
21
35
40
48
86
103
95
135
131
116
128
78
86
50
31
25
24
17
11
10
11
13
9
15
14
14
5
10
7
11
7
6
8
8
9
6
7
9
11
5
5
9
7
5
194
