0
0
0
0
0
0
0
0
1784
5827
4436
3891
3913
3919
4168
4655
5046
5129
5065
5305
6234
6314
5100
4235
4088
4030
3946
3868
3941
3838
3316
2799
2475
2440
2399
2342
2305
2251
2238
2217
2250
2742
4593
7449
9389
8420
5248
2628
1663
1657
1805
1751
1507
1512
2264
3946
6179
7689
7189
4714
2298
1126
869
824
795
730
673
683
668
616
583
562
581
613
629
645
741
886
1002
1012
947
873
838
876
874
755
620
506
418
369
331
313
286
262
239
221
230
213
200
192
178
170
169
178
216
299
437
674
940
1119
1142
998
761
517
320
206
151
113
102
100
102
103
110
109
92
84
105
119
120
109
106
105
105
116
135
138
160
172
154
132
113
104
100
93
86
74
66
60
51
50
56
60
69
75
81
83
91
88
88
59
60
61
52
41
55
55
46
51
60
51
52
54
46
49
55
54
53
59
67
74
78
85
91
91
99
93
73
63
70
68
58
53
52
58
59
56
49
51
56
54
59
61
53
46
42
40
37
30
28
23
22
24
23
22
20
22
15
23
22
32
37
46
80
97
93
125
127
115
121
87
80
58
36
27
24
19
13
10
9
10
11
10
14
13
11
5
9
6
10
6
5
7
7
8
6
0
