0
0
2337
7226
3751
3930
4071
4054
4247
5007
5236
5204
5220
5119
7184
6903
4762
4217
4230
4190
4199
3920
4300
4017
3377
2802
2500
2460
2467
2441
2480
2390
2470
2389
2305
2489
4047
7225
10268
9755
5920
2499
1446
1623
1918
1950
1697
1343
1904
3327
6012
8170
8089
5384
2715
1274
868
855
820
760
714
725
759
639
633
557
630
593
673
634
750
857
1024
1063
1075
948
878
913
864
796
679
517
495
417
372
329
295
273
278
246
234
224
207
180
187
192
146
176
186
260
404
623
915
1141
1221
1123
853
569
342
213
144
110
90
109
120
104
106
94
113
114
112
105
128
114
126
102
119
108
132
140
184
164
151
141
118
115
101
105
67
78
65
69
60
64
58
71
66
83
79
85
90
85
88
79
77
63
59
56
57
54
59
58
50
38
59
49
51
48
56
44
60
49
51
92
61
86
90
93
91
79
87
69
72
59
71
65
70
73
54
67
65
66
64
55
66
57
41
42
55
47
32
34
35
26
20
24
18
16
23
22
19
34
29
42
57
62
105
114
121
139
117
107
80
74
49
36
29
17
19
20
7
13
9
7
8
9
14
11
6
8
7
7
9
11
9
14
7
6
5
5
3
6
9
2
8
208
