0
0
0
0
0
0
0
0
1664
5805
4354
3794
3910
3930
4102
4675
5003
5048
5033
5312
6313
6366
5106
4233
4083
4067
4009
3927
4034
3833
3282
2746
2445
2384
2385
2363
2396
2322
2377
2306
2272
2707
4443
7309
9342
8433
5348
2666
1630
1634
1817
1802
1568
1519
2204
3849
6191
7754
7176
4646
2323
1147
838
820
780
725
693
709
699
624
588
569
589
606
628
662
753
881
986
1028
991
904
869
864
816
736
610
495
457
391
349
310
280
264
261
235
224
212
193
178
181
169
156
170
206
296
456
687
935
1106
1136
1001
754
503
310
195
134
103
92
106
113
100
101
93
109
110
107
105
119
114
116
105
111
111
125
144
164
159
146
132
118
109
101
91
75
69
66
63
61
59
59
65
66
77
77
81
86
84
83
78
76
62
58
55
54
53
55
57
50
42
48
52
48
48
49
50
50
53
51
67
76
70
84
88
89
83
79
76
67
63
62
65
64
67
62
58
61
63
62
59
58
59
51
42
43
48
43
33
31
32
26
20
21
18
16
21
22
19
30
30
38
52
58
93
107
114
129
120
107
87
74
58
40
31
23
16
18
14
8
11
8
6
7
8
13
10
5
7
6
6
7
9
9
12
8
0
