0
0
2308
7399
3863
3997
4079
3889
4481
5000
5325
5290
5214
5120
7066
6846
4731
4381
4120
4070
4032
4053
4187
3971
3417
2800
2543
2564
2546
2492
2505
2366
2341
2390
2340
2428
4072
7264
10150
9784
5861
2455
1500
1686
1933
1893
1569
1404
1828
3324
5982
8145
8086
5630
2696
1273
879
827
806
709
671
733
688
667
608
595
652
666
616
701
742
876
1007
1053
1031
953
893
879
882
786
643
560
423
425
380
343
284
290
236
261
241
209
227
197
170
176
188
179
210
256
380
551
931
1108
1282
1152
871
580
329
222
153
133
116
118
98
97
97
93
104
104
110
101
93
106
119
110
89
121
117
119
150
161
153
153
150
118
94
98
74
60
61
77
63
70
70
49
73
77
100
101
85
96
96
71
74
74
50
50
56
52
45
59
50
50
50
53
62
46
48
59
44
66
62
54
78
69
90
74
89
78
66
60
71
64
54
58
55
56
65
66
55
54
63
53
68
61
62
44
49
38
28
38
26
34
32
25
19
20
22
18
17
28
29
46
44
84
106
108
133
144
113
96
82
76
47
46
24
17
24
18
7
19
18
12
8
10
13
9
14
7
6
9
9
12
5
6
9
7
5
8
10
9
6
6
7
214
