0
0
0
0
0
0
0
0
1645
5925
4473
3870
3929
3817
4224
4735
5065
5121
5055
5294
6248
6298
5107
4285
4047
3945
3916
3942
3986
3790
3299
2755
2488
2478
2462
2412
2418
2292
2272
2302
2285
2677
4468
7317
9297
8412
5304
2643
1668
1679
1818
1735
1513
1512
2174
3840
6175
7737
7225
4811
2302
1147
840
795
758
678
663
696
662
629
588
595
629
625
633
683
765
883
976
1005
971
907
865
853
820
717
600
502
409
399
358
316
274
266
234
247
225
207
210
184
167
173
178
185
216
289
418
659
922
1116
1171
1027
769
504
306
201
148
125
113
110
94
93
93
90
100
100
105
97
92
104
112
103
96
111
114
122
141
151
150
148
137
114
96
88
74
61
61
67
65
65
64
54
66
74
93
96
84
91
92
71
70
71
52
48
52
52
45
52
52
48
48
50
55
51
45
50
52
53
61
58
63
72
76
80
78
81
70
61
62
65
58
54
55
54
57
61
59
55
55
56
57
61
60
54
47
44
36
31
31
28
31
31
25
19
18
20
18
17
26
27
42
43
74
97
102
121
136
118
98
84
76
57
45
33
20
19
21
13
10
18
16
10
7
9
12
8
12
6
5
8
8
9
5
4
7
0
