0
0
2466
7433
3780
4003
4061
3974
4317
5083
5326
5267
5159
5074
7286
6920
4799
4191
4253
4185
4034
3994
4105
3966
3494
2842
2588
2368
2448
2536
2401
2408
2422
2422
2241
2492
3979
7304
10358
9768
5810
2408
1443
1624
1864
1959
1639
1367
1843
3434
5849
8270
8026
5434
2758
1298
898
803
805
754
688
705
686
714
651
636
634
568
617
695
752
857
1023
1077
1005
934
927
901
961
775
650
523
497
425
359
363
289
258
216
249
240
229
201
210
177
153
183
170
193
266
383
647
896
1079
1231
1113
814
609
354
215
120
117
100
100
130
103
109
95
98
95
110
105
106
115
112
100
123
123
128
146
172
163
155
145
138
92
94
82
80
68
61
56
60
59
70
71
59
72
92
92
87
98
94
88
65
69
45
42
62
51
68
40
56
45
49
47
63
43
50
52
48
43
49
67
74
75
92
94
82
68
81
61
69
67
63
65
68
53
58
65
54
47
69
64
46
61
48
56
38
45
33
40
35
30
26
28
20
19
14
14
17
32
26
42
52
68
100
116
113
126
116
106
83
58
49
40
31
17
15
12
10
12
16
9
12
6
14
12
8
13
7
9
13
9
9
5
10
6
7
5
8
10
10
7
6
202
