0
0
0
0
0
0
0
0
1758
5987
4421
3859
3917
3872
4135
4748
5086
5102
5012
5290
6361
6407
5121
4236
4086
4039
3933
3895
3926
3786
3356
2800
2505
2314
2372
2450
2324
2331
2343
2317
2230
2691
4436
7393
9421
8416
5247
2585
1611
1619
1796
1779
1545
1507
2217
3876
6147
7794
7131
4672
2345
1168
849
777
767
715
669
677
672
670
629
617
591
574
620
685
762
883
992
1008
953
909
888
895
861
716
592
499
460
393
347
331
271
238
217
239
230
214
197
192
166
160
170
174
211
293
459
692
909
1080
1129
980
745
520
318
188
122
109
97
102
120
100
103
91
94
93
106
101
103
110
106
103
116
119
126
144
158
157
149
140
122
99
88
82
75
67
60
56
57
58
65
67
61
68
86
89
85
93
92
87
65
65
47
41
55
52
59
47
48
48
45
47
53
50
45
48
48
45
45
56
67
72
80
89
85
73
71
69
62
65
63
61
62
59
54
58
57
51
55
61
56
52
52
51
48
41
39
35
36
33
29
26
25
20
19
14
13
15
28
26
38
48
62
91
108
109
119
115
105
88
64
51
42
34
23
16
13
11
9
12
13
8
10
7
13
11
7
11
6
8
12
9
8
5
8
0
