0
0
0
0
0
0
0
0
1659
5881
4401
3839
3793
3829
4160
4729
5079
5140
5043
5309
6302
6339
5122
4288
4173
4082
3894
3849
3901
3770
3311
2770
2488
2395
2358
2421
2305
2366
2332
2224
2152
2641
4452
7270
9319
8502
5424
2726
1683
1644
1828
1803
1529
1504
2161
3742
6104
7807
7277
4748
2385
1175
893
837
769
718
731
702
689
676
635
604
589
594
601
636
757
918
1050
1088
1020
933
897
872
829
744
635
509
443
354
352
290
256
253
244
238
216
213
215
187
175
171
174
178
202
280
418
627
853
1037
1122
1025
776
507
323
193
145
99
96
96
101
102
105
84
93
92
99
110
95
106
115
106
104
117
134
143
144
151
152
139
124
109
94
85
80
70
67
61
59
60
56
53
60
70
81
87
88
98
74
72
68
62
57
55
55
50
46
50
50
45
46
52
50
42
45
46
48
51
57
65
63
72
87
95
82
79
79
68
62
55
58
64
66
64
63
62
57
56
58
54
49
48
50
50
45
42
35
29
28
29
29
28
18
16
18
23
19
18
24
26
33
52
77
89
100
111
121
126
106
87
71
52
41
26
24
13
9
10
13
10
9
15
7
6
6
7
7
6
10
9
8
11
13
11
7
0
