0
0
2330
7359
3769
3987
3904
3966
4369
5046
5330
5341
5162
5158
7199
6808
4816
4237
4392
4232
3954
3961
4079
3961
3418
2813
2552
2474
2434
2505
2378
2453
2422
2310
2164
2407
4149
7282
10274
9812
5867
2473
1529
1647
1897
2026
1570
1366
1915
3313
5967
8262
8101
5374
2726
1278
934
878
808
737
765
728
711
716
662
625
610
600
638
607
736
914
1082
1159
1095
955
935
907
882
792
694
539
485
365
379
309
265
263
253
254
224
215
237
192
182
176
174
193
178
264
379
585
866
1045
1212
1129
870
532
361
191
161
99
101
98
105
106
111
87
98
95
101
121
93
110
127
106
106
118
145
151
146
160
164
141
128
114
93
86
85
67
74
58
63
62
56
54
65
75
87
92
93
105
69
76
68
63
57
57
58
47
50
55
48
45
51
60
43
47
48
50
52
53
69
64
71
82
102
92
75
93
68
71
55
56
70
68
70
62
73
56
56
65
55
50
48
54
54
45
44
37
28
31
32
29
31
17
16
21
26
18
20
28
28
39
61
90
96
111
120
131
131
90
89
55
52
27
29
15
10
11
14
11
9
17
8
7
6
9
7
6
12
9
9
13
15
11
6
11
8
10
3
9
3
4
4
227
