0
0
1561
5862
2937
3085
3060
3001
3030
3106
3205
3564
4035
4449
6583
6265
3860
3402
3306
3183
3111
2998
3268
3422
3054
2495
2399
2208
2199
2256
2256
2079
2082
2143
2249
2114
2015
2019
2174
2083
1942
1775
1972
2364
2615
2586
2325
1946
1902
1983
2485
2670
2727
2407
2050
1738
1751
1777
1774
1645
1692
1642
1706
1776
1662
1720
1693
1737
1812
1831
2077
2016
2280
2283
2159
2032
1803
1743
1723
1469
1334
1181
1082
1080
1123
1076
1057
964
933
815
851
1096
1576
2436
3422
4053
3990
3139
2245
1211
713
387
312
335
470
856
1444
2134
2889
3306
3036
2247
1556
881
448
243
184
137
141
133
145
127
151
134
138
138
145
144
166
187
190
201
201
178
185
121
127
132
99
103
89
102
105
81
82
88
93
84
104
82
78
88
88
82
66
77
87
69
74
59
95
71
65
69
79
72
66
83
73
83
80
75
76
88
93
119
108
92
112
104
110
96
87
81
86
86
89
86
84
80
90
71
89
88
83
63
70
43
41
47
47
23
31
41
31
28
38
31
34
37
31
48
40
78
76
84
112
118
132
132
137
113
86
80
62
44
23
23
21
16
12
5
12
12
8
6
11
13
11
10
9
11
8
10
10
7
11
5
16
6
12
8
6
7
6
228
