0
0
0
0
0
0
0
0
1248
4959
3287
2958
2961
2914
2928
2994
3117
3415
3833
4536
5694
5715
4343
3403
3201
3099
3008
2971
3118
3223
2959
2503
2319
2159
2128
2176
2181
2021
2013
2070
2147
2055
1967
1973
2053
2009
1879
1795
1937
2238
2457
2452
2233
1965
1865
1992
2326
2552
2578
2335
2001
1720
1691
1715
1715
1596
1632
1594
1646
1696
1631
1648
1648
1681
1737
1810
1935
2017
2135
2181
2094
1952
1791
1697
1626
1459
1297
1162
1067
1048
1073
1047
1022
942
905
800
817
1033
1477
2257
3157
3776
3785
3148
2280
1397
791
463
329
336
468
789
1302
1940
2598
3026
2931
2350
1657
1021
546
289
193
144
134
131
136
127
139
134
133
132
136
140
151
172
181
188
193
183
171
147
119
122
112
96
93
91
98
91
78
81
86
85
90
89
79
80
84
83
73
69
77
75
70
65
72
79
69
64
68
73
69
68
77
72
80
77
72
75
85
92
113
103
93
105
102
102
93
85
80
81
83
84
84
81
79
81
78
80
85
79
68
62
50
41
43
44
29
26
36
33
29
33
32
30
33
32
39
41
60
72
77
94
110
119
126
128
122
99
81
72
54
36
22
22
20
15
10
5
11
11
8
6
9
11
11
10
9
9
8
8
9
8
8
0
