0
0
0
0
0
0
0
0
1379
4841
3174
2891
2976
2919
2993
3100
3192
3470
3885
4516
5549
5643
4404
3461
3248
3089
2987
3023
3143
3273
3035
2572
2247
2170
2168
2193
2094
2076
2051
2054
2049
2019
1975
1957
2081
2030
1888
1850
1935
2147
2407
2486
2270
1940
1828
1989
2311
2589
2580
2254
1910
1679
1674
1735
1712
1633
1657
1662
1608
1721
1647
1727
1708
1718
1742
1780
1850
1960
2137
2226
2146
1934
1732
1645
1586
1480
1323
1187
1128
1074
1078
1049
996
917
847
828
817
1023
1533
2338
3250
3821
3775
3122
2170
1295
712
421
298
324
499
843
1413
2094
2652
2941
2845
2332
1641
989
556
343
205
162
147
143
122
117
151
148
142
132
130
141
145
148
183
186
188
185
163
150
145
130
104
94
98
93
95
85
78
86
82
75
84
85
66
72
77
73
68
72
75
84
81
78
71
81
78
72
71
72
72
65
67
73
74
70
72
66
79
86
88
99
92
105
108
96
94
81
73
75
76
80
77
82
87
81
69
71
68
61
62
62
57
46
36
34
33
31
26
30
33
24
18
23
25
25
26
38
58
61
74
90
98
104
127
131
105
92
82
65
50
39
27
16
19
16
11
12
10
11
10
11
5
8
10
10
13
12
10
9
9
8
10
0
