0
0
1723
5660
2843
3017
3093
2986
3112
3229
3263
3609
4089
4458
6255
6261
4036
3371
3444
3105
3068
3117
3230
3498
3143
2601
2275
2237
2240
2271
2160
2144
2118
2124
2119
2086
2044
1970
2213
2121
1907
1891
1971
2180
2555
2648
2416
1900
1835
2004
2390
2743
2749
2325
1965
1701
1724
1801
1773
1687
1713
1722
1646
1806
1669
1812
1753
1774
1801
1824
1921
1971
2249
2342
2260
2011
1728
1712
1647
1550
1364
1196
1181
1086
1127
1084
1032
946
870
855
843
1060
1586
2430
3419
4036
3983
3239
2180
1234
646
401
265
308
507
820
1489
2268
2848
3143
3039
2346
1619
890
497
332
177
166
148
150
121
122
165
150
145
134
134
150
151
152
208
184
203
188
159
152
152
129
88
109
93
102
97
79
82
99
75
81
94
85
57
88
75
74
68
80
77
94
78
82
67
98
67
79
70
82
65
70
74
80
70
79
64
79
89
86
106
93
107
116
100
103
86
75
80
75
88
76
86
91
96
59
79
75
57
67
66
59
51
30
41
32
36
21
34
39
21
18
26
25
27
28
44
66
64
82
99
105
111
141
135
95
98
75
62
43
41
15
20
19
12
13
11
12
11
15
5
9
11
11
14
12
10
11
9
10
12
11
10
11
4
6
7
6
5
218
