0
0
1765
5505
2810
3111
3036
3004
3127
3164
3333
3508
3991
4330
6367
6227
3977
3392
3428
3156
3120
3080
3267
3464
3250
2610
2309
2248
2262
2222
2135
2036
2065
2102
2205
2184
2008
2076
2194
2122
1975
1943
1933
2211
2520
2632
2382
1946
1809
1998
2340
2730
2760
2386
2033
1784
1698
1589
1764
1740
1764
1781
1644
1722
1652
1732
1694
1732
1757
1823
2049
2059
2294
2257
2192
2036
1777
1671
1639
1479
1363
1174
1175
1094
1066
1080
1083
964
911
851
832
1028
1594
2376
3402
4123
4213
3260
2223
1245
648
403
285
339
494
845
1425
2178
2781
3219
3094
2393
1558
847
502
262
174
119
132
149
136
147
136
118
123
131
151
144
179
213
203
198
187
147
164
125
152
116
117
81
93
113
80
88
109
103
107
96
84
88
87
83
72
84
81
89
95
62
77
72
80
68
72
73
64
66
72
68
70
62
68
72
90
115
80
111
109
103
115
93
108
67
70
71
92
77
104
63
90
70
84
71
85
89
60
76
65
66
49
48
51
42
32
37
25
24
26
33
24
37
51
45
48
65
66
91
98
128
117
133
150
111
89
93
59
48
25
27
15
10
13
11
17
8
6
14
6
13
7
11
7
8
3
11
10
8
6
14
7
8
7
9
8
3
5
216
