0
0
0
0
0
0
0
0
1413
4723
3124
2963
2952
2921
3002
3071
3205
3418
3786
4444
5569
5647
4370
3452
3256
3121
3023
3023
3151
3277
3096
2601
2274
2185
2185
2150
2069
1973
1997
2036
2121
2096
1978
2016
2089
2040
1935
1886
1935
2148
2395
2462
2258
1949
1825
1972
2282
2576
2594
2304
1975
1744
1639
1562
1698
1686
1707
1717
1603
1654
1614
1661
1650
1673
1708
1799
1941
2044
2161
2177
2098
1941
1752
1633
1555
1439
1302
1173
1122
1069
1038
1043
1034
940
881
825
809
996
1543
2304
3253
3913
3950
3168
2188
1298
711
424
314
344
509
845
1379
2028
2617
2974
2897
2350
1602
943
534
298
182
127
125
140
134
139
134
118
117
123
141
141
166
197
199
192
180
156
149
137
133
126
108
93
86
97
92
83
96
102
100
97
86
83
85
82
74
76
80
83
88
72
69
70
73
70
68
68
66
63
65
67
66
64
61
66
75
93
100
87
107
104
101
105
93
93
64
66
73
84
83
85
73
78
74
76
74
80
77
68
67
65
60
51
47
47
40
33
31
27
24
25
29
26
33
46
44
44
59
61
83
92
116
117
123
139
119
93
88
69
50
34
25
20
12
10
12
12
13
7
8
11
7
11
7
9
6
6
4
9
10
8
7
0
