0
0
0
0
0
0
0
0
1421
4760
3233
2922
2918
2867
2910
2970
3116
3424
3868
4504
5557
5675
4395
3435
3245
3110
2997
2979
3186
3349
3056
2545
2336
2214
2109
2134
2153
2010
1978
2130
2109
1965
2027
2020
2026
2012
1912
1812
1900
2126
2358
2454
2280
1947
1769
1884
2251
2525
2618
2359
1973
1678
1697
1747
1727
1678
1666
1643
1636
1607
1614
1620
1711
1765
1774
1813
1881
1983
2099
2139
2076
1955
1815
1725
1636
1500
1335
1250
1164
1053
1026
1004
1023
1010
942
867
842
935
1390
2151
3054
3711
3806
3335
2413
1503
830
451
336
343
471
749
1204
1825
2496
2974
2965
2501
1858
1136
617
335
208
147
130
128
129
129
128
140
144
129
130
143
145
164
184
173
168
173
158
146
139
129
117
105
90
89
87
93
86
82
82
89
87
78
77
81
85
88
88
76
64
67
74
73
63
68
80
75
71
79
80
69
66
66
77
72
69
77
80
76
98
97
106
94
93
89
85
75
71
77
81
79
76
73
73
80
81
76
75
67
60
60
56
48
45
43
39
35
33
30
25
23
23
22
24
27
35
40
47
57
69
96
123
126
121
120
109
107
85
58
41
34
29
20
18
17
11
12
8
9
9
5
7
9
8
7
9
11
9
8
8
10
9
0
