0
0
1786
5593
2913
3049
3016
2949
3029
3069
3228
3560
4120
4444
6343
6283
3919
3395
3409
3152
3107
3001
3360
3573
3138
2529
2406
2279
2172
2214
2231
2066
2038
2236
2193
1974
2144
2069
2110
2100
1985
1788
1971
2215
2494
2626
2388
1915
1772
1889
2424
2644
2784
2417
1998
1692
1764
1814
1784
1733
1724
1696
1696
1655
1678
1653
1805
1841
1821
1887
1946
2057
2222
2234
2144
2021
1826
1794
1682
1542
1330
1295
1192
1063
1063
1035
1066
1041
960
884
868
989
1542
2392
3392
4033
3978
3384
2186
1340
631
379
327
334
527
823
1393
2073
2845
3254
3030
2395
1707
911
503
264
185
133
133
132
136
131
133
155
148
122
147
152
149
192
190
164
188
170
155
146
140
125
119
94
96
85
100
90
86
80
94
94
85
71
90
80
99
87
94
58
70
78
82
63
66
88
78
71
82
87
71
68
68
80
75
71
81
85
74
108
96
118
90
102
88
94
71
75
83
86
79
78
74
75
91
79
79
78
64
62
65
54
46
50
41
39
34
35
28
22
25
22
24
28
31
45
41
60
66
84
127
135
125
127
113
115
95
64
43
36
31
21
18
17
11
14
8
11
11
3
11
9
9
7
13
10
10
7
13
6
15
3
15
6
9
7
6
10
4
226
