0
0
0
0
0
0
0
0
1424
4890
3230
2900
2924
2920
2897
2968
3174
3401
3857
4591
5631
5618
4380
3479
3241
3086
2987
3007
3151
3239
3062
2546
2272
2217
2108
2148
2161
2017
2122
2099
2122
1987
1950
2020
2037
2004
1952
1866
1953
2194
2397
2430
2229
1925
1798
1955
2297
2575
2564
2268
1885
1718
1678
1722
1704
1693
1620
1717
1656
1619
1722
1676
1644
1692
1773
1816
1905
2033
2136
2178
2119
1967
1822
1713
1612
1446
1305
1211
1116
1058
1054
1003
948
904
861
809
793
1058
1518
2262
3168
3778
3849
3242
2245
1345
734
419
320
343
483
794
1318
1991
2620
2991
2905
2368
1659
1009
557
304
199
154
150
137
142
120
131
134
121
125
122
131
137
158
183
176
176
180
170
153
144
131
115
106
88
82
85
86
95
100
89
89
99
88
67
74
82
78
81
81
75
69
70
78
75
69
69
68
68
70
77
83
69
72
82
69
70
77
81
91
94
96
105
108
112
97
90
72
68
74
72
80
71
64
69
74
74
71
64
64
66
60
51
46
43
41
42
37
35
32
23
26
23
21
30
28
31
39
54
59
76
97
121
120
112
109
110
102
83
67
52
38
25
16
13
16
15
7
7
9
12
4
9
7
7
8
10
9
6
8
7
8
6
0
