0
0
1780
5730
2888
3020
3024
3020
2979
3058
3341
3453
4099
4549
6438
6095
4046
3416
3401
3117
3081
3063
3301
3396
3224
2530
2317
2299
2163
2226
2236
2077
2204
2163
2218
2029
1996
2109
2118
2055
2066
1848
1982
2294
2522
2580
2348
1914
1788
1972
2397
2735
2708
2359
1901
1763
1726
1788
1760
1750
1672
1785
1709
1653
1812
1724
1685
1739
1859
1856
1961
2112
2229
2269
2241
1995
1895
1735
1719
1459
1337
1254
1141
1079
1103
1032
976
932
887
834
818
1111
1592
2383
3377
4008
4078
3343
2191
1248
649
364
311
335
487
810
1403
2180
2849
3245
3056
2351
1581
898
487
262
191
149
159
137
150
116
142
138
122
134
123
142
141
175
199
170
192
184
174
146
158
117
124
99
83
88
87
90
108
100
83
101
105
79
61
91
80
79
89
80
74
68
78
86
69
74
71
69
76
71
96
72
69
89
72
71
80
81
95
98
99
109
110
122
99
101
74
66
84
65
93
72
62
73
80
74
80
59
70
68
65
48
47
44
40
48
35
40
33
21
31
21
24
35
26
37
43
62
64
87
109
137
116
114
109
118
95
77
60
47
32
18
14
17
19
8
8
9
16
4
10
8
9
8
12
9
6
10
7
10
7
4
10
9
10
11
5
8
7
240
