0
0
0
0
0
0
0
0
1437
4725
3216
2851
2869
2952
2969
3108
3279
3475
3782
4430
5536
5641
4400
3460
3217
3072
2961
2947
3163
3268
3028
2534
2306
2175
2134
2140
2142
1987
2037
2075
2149
2024
2020
2020
2030
1982
1930
1901
1958
2160
2382
2439
2255
1972
1839
1953
2270
2461
2584
2364
1907
1699
1665
1679
1701
1690
1638
1656
1640
1643
1594
1656
1702
1701
1734
1810
1869
1955
2100
2177
2134
1995
1826
1693
1577
1494
1347
1192
1134
1058
1059
1061
1027
956
895
833
829
977
1426
2146
3041
3675
3820
3304
2389
1461
797
472
349
338
463
760
1251
1870
2501
2997
3038
2508
1763
1096
603
339
209
163
151
141
144
141
124
136
140
135
139
142
146
155
158
172
179
168
153
141
138
128
104
93
94
102
98
89
89
80
81
76
75
75
79
84
82
83
89
90
91
93
82
75
74
82
76
74
73
60
68
65
71
61
77
74
68
80
78
97
98
98
99
102
100
93
84
75
75
80
81
81
80
77
80
83
71
65
77
73
60
63
66
56
49
50
39
33
29
28
32
31
28
26
26
28
29
39
54
64
78
92
105
120
119
114
101
95
88
69
50
37
36
14
20
19
16
15
16
12
9
7
10
12
13
13
12
12
9
9
10
9
8
0
