0
0
1806
5545
2901
2963
2969
3086
3047
3256
3416
3604
3950
4389
6388
6161
3992
3421
3348
3126
3066
2961
3371
3436
3137
2517
2372
2234
2207
2218
2220
2041
2119
2147
2264
2045
2109
2077
2131
2031
1999
1946
1987
2260
2536
2590
2339
1953
1859
1972
2453
2538
2758
2440
1897
1738
1722
1742
1765
1747
1689
1720
1692
1714
1616
1742
1773
1750
1788
1905
1931
2005
2248
2263
2236
2035
1853
1743
1594
1563
1358
1194
1177
1071
1104
1096
1056
974
915
849
860
1049
1581
2384
3404
3969
4057
3252
2224
1209
639
411
329
326
516
849
1476
2127
2823
3302
3125
2340
1561
913
469
281
176
161
152
142
156
140
119
156
139
138
152
143
162
158
171
190
181
166
146
143
146
114
97
95
104
110
86
102
79
88
79
76
81
75
94
82
85
92
100
85
109
82
78
72
91
77
74
82
59
73
66
76
63
80
76
69
85
78
106
101
103
102
108
104
94
89
69
82
84
84
85
81
78
86
91
62
70
91
65
61
70
68
52
48
56
30
37
24
33
37
29
27
24
31
32
30
56
63
76
94
102
126
124
120
106
99
95
75
54
39
40
14
22
19
16
17
16
12
8
8
13
14
15
12
15
10
10
11
10
9
7
10
3
8
12
9
5
9
3
241
