0
0
1787
5575
2831
3021
2991
3010
3066
3155
3275
3549
3945
4433
6230
6075
4136
3440
3400
3257
3012
3072
3296
3464
3036
2609
2380
2323
2277
2152
2134
2161
2131
2211
2157
2106
2091
2079
2148
2062
1906
1850
1992
2251
2541
2602
2375
1995
1834
1973
2463
2615
2807
2362
1960
1624
1701
1781
1750
1687
1619
1632
1698
1696
1642
1675
1735
1796
1794
1925
2073
2014
2252
2353
2154
2013
1842
1734
1600
1527
1331
1232
1151
1074
1096
1075
1113
1002
945
810
868
1077
1597
2401
3425
4017
4088
3249
2207
1264
658
405
310
336
476
844
1439
2132
2990
3190
2971
2328
1665
914
502
275
183
143
162
168
146
136
138
157
123
120
141
154
143
194
197
190
214
168
176
128
140
122
121
96
101
88
78
102
95
87
112
81
86
91
74
115
84
98
88
87
81
73
82
117
82
74
77
69
72
70
66
75
68
75
63
71
79
75
87
107
101
102
100
91
85
74
67
87
84
70
83
75
71
81
71
80
84
64
79
74
67
66
47
46
38
32
34
22
29
27
30
32
30
38
32
31
40
74
67
80
93
131
134
120
124
114
94
101
40
44
25
22
18
16
15
17
11
9
9
18
12
15
13
9
13
10
10
9
10
14
17
10
6
9
7
11
9
8
5
240
