0
0
0
0
0
0
0
0
1430
4767
3159
2891
2898
2909
2960
3042
3171
3415
3781
4450
5484
5568
4427
3517
3274
3145
2988
2993
3161
3252
2967
2574
2332
2252
2203
2090
2066
2088
2066
2126
2090
2044
2024
2022
2049
1984
1867
1830
1947
2177
2399
2451
2268
1985
1840
1976
2309
2533
2606
2297
1910
1619
1643
1714
1692
1632
1568
1580
1635
1636
1598
1622
1676
1724
1759
1861
1958
2012
2141
2207
2102
1944
1801
1676
1565
1457
1314
1199
1118
1056
1053
1046
1063
979
917
793
834
1028
1512
2270
3196
3785
3848
3199
2250
1370
757
446
331
340
480
806
1327
1991
2659
2990
2848
2353
1712
1051
576
318
198
148
151
160
147
134
132
145
127
118
129
145
143
170
188
187
195
181
162
145
127
126
116
105
93
90
82
86
95
89
96
92
80
84
79
93
94
89
89
86
82
75
74
94
95
78
73
71
68
68
67
66
69
67
69
61
69
76
74
88
102
97
98
95
87
81
71
70
80
79
72
76
73
71
74
73
75
76
70
70
72
67
61
50
44
38
32
30
24
26
27
28
29
29
33
32
31
35
60
65
72
85
112
126
122
119
115
100
93
71
39
34
23
20
17
15
14
15
10
8
10
16
11
13
12
9
11
10
9
9
9
12
14
0
