0
0
0
0
0
0
0
0
1478
4738
3104
2849
2918
2946
2958
3067
3235
3481
3887
4518
5557
5557
4289
3405
3182
3070
2974
2985
3109
3213
2967
2497
2255
2247
2183
2134
2130
2105
1948
2046
2019
2010
2027
2070
2072
2019
1890
1833
1947
2162
2383
2470
2291
1986
1865
1993
2279
2564
2624
2319
1935
1687
1716
1711
1638
1668
1697
1623
1618
1636
1647
1697
1678
1700
1742
1782
1847
1984
2171
2199
2096
1972
1843
1689
1567
1449
1324
1213
1119
1115
1050
995
1022
950
904
829
847
979
1475
2248
3207
3768
3811
3225
2323
1432
789
427
308
349
500
799
1294
1963
2623
3003
2927
2414
1687
1060
595
306
189
138
147
136
142
133
140
140
134
133
123
126
158
170
173
181
197
187
149
133
139
134
118
98
95
95
87
85
80
82
80
91
96
82
82
81
81
77
77
79
78
83
81
74
81
84
81
76
65
68
77
69
61
65
66
66
65
67
90
86
102
101
89
102
104
91
86
80
80
79
79
83
84
80
79
85
88
81
71
63
59
54
51
44
44
41
35
31
27
27
28
28
26
28
34
29
33
44
59
61
72
98
113
123
130
125
116
101
83
70
50
34
29
21
17
16
16
16
12
14
10
9
7
6
8
9
8
7
10
11
7
5
7
0
