0
0
1848
5531
2772
2983
3026
3054
3045
3192
3367
3580
4138
4413
6410
6037
3880
3413
3260
3183
3022
3079
3221
3419
3069
2498
2297
2336
2250
2203
2205
2176
1993
2137
2081
2077
2092
2157
2145
2117
1925
1841
2009
2239
2504
2643
2409
1957
1879
2029
2370
2707
2795
2387
1969
1704
1783
1771
1690
1728
1759
1671
1674
1696
1694
1781
1716
1762
1808
1836
1914
1997
2364
2262
2186
2003
1940
1694
1634
1484
1356
1249
1124
1176
1073
1017
1070
972
930
849
881
1027
1580
2408
3487
4006
4031
3261
2263
1288
693
338
299
350
523
843
1404
2184
2910
3246
3044
2379
1541
957
497
251
177
131
162
134
153
132
151
142
136
138
121
137
180
173
184
188
221
176
133
145
142
139
106
95
105
91
93
83
85
87
78
112
89
79
92
77
90
71
87
78
81
94
73
78
93
83
85
67
66
84
75
62
68
69
69
68
65
94
87
106
109
87
107
112
92
92
80
85
81
79
91
85
83
77
93
94
81
72
62
63
53
56
40
51
39
35
32
26
29
30
32
25
34
38
25
41
51
70
62
86
116
120
138
133
123
115
89
81
61
36
34
22
18
17
17
17
13
15
10
10
7
6
10
10
8
6
13
12
6
7
6
15
7
6
8
6
4
4
5
246
