0
0
0
0
0
0
0
0
1540
4769
3114
2901
2864
2912
2958
2957
3102
3416
3855
4527
5562
5598
4400
3463
3211
3144
3016
2985
3177
3334
3085
2601
2356
2219
2114
2166
2123
2061
2047
2082
2073
2078
2033
2004
2045
2005
1906
1852
1960
2202
2415
2455
2279
2006
1849
1951
2277
2553
2561
2240
1942
1677
1608
1691
1687
1583
1680
1682
1615
1652
1637
1650
1674
1711
1753
1819
1914
2044
2179
2194
2068
1918
1794
1708
1605
1464
1326
1203
1116
1036
1049
1010
984
941
869
833
785
1036
1456
2230
3172
3741
3843
3236
2233
1354
774
442
323
347
488
806
1337
2023
2629
2982
2964
2429
1671
986
537
295
195
163
145
149
132
133
145
138
137
126
122
123
144
159
187
188
176
175
160
147
145
133
114
101
105
100
91
82
83
78
87
95
94
78
72
83
89
85
78
79
76
70
70
74
77
76
73
68
61
62
69
65
68
72
71
72
64
76
81
90
97
96
105
89
93
92
86
83
75
75
76
77
79
81
82
80
73
68
68
63
56
54
54
54
49
40
36
30
32
30
28
22
21
19
26
29
30
37
42
57
74
87
120
138
149
144
108
84
79
64
45
36
31
21
13
15
9
9
5
8
5
9
8
7
6
9
13
8
9
11
9
7
9
0
