0
0
1924
5552
2778
3044
2937
3029
3073
3026
3214
3548
4070
4471
6362
6075
4108
3388
3290
3297
3059
3029
3317
3554
3196
2600
2421
2284
2172
2246
2192
2127
2115
2158
2140
2159
2096
2048
2146
2082
1961
1867
1989
2297
2550
2601
2384
2028
1847
1947
2388
2696
2733
2282
2008
1702
1648
1757
1747
1635
1740
1745
1658
1718
1687
1708
1728
1773
1807
1879
1975
2103
2296
2324
2110
1994
1817
1781
1665
1502
1367
1223
1160
1040
1104
1034
1019
971
892
859
807
1089
1527
2359
3402
3955
4086
3328
2157
1251
712
369
312
344
483
844
1410
2257
2845
3195
3182
2381
1585
853
471
253
186
163
146
158
130
142
155
139
143
126
125
130
159
166
212
183
181
186
151
157
145
137
99
113
104
108
81
91
80
82
100
98
97
66
82
94
93
82
78
87
73
70
76
82
80
76
74
66
59
77
65
71
75
73
78
64
79
82
93
101
97
113
91
98
96
87
90
75
79
78
82
80
87
83
85
75
67
76
63
56
56
56
56
51
38
41
25
38
28
31
20
23
18
32
31
34
43
46
66
84
96
143
145
163
136
91
83
79
53
38
38
26
13
19
10
10
6
10
5
10
9
7
8
8
16
7
11
13
10
6
13
7
5
8
12
9
5
9
7
226
