0
0
1928
5502
2775
3069
2950
3070
3138
3161
3283
3560
4009
4374
6356
6271
3979
3529
3298
3239
3037
3062
3197
3490
3087
2653
2365
2281
2191
2163
2193
2079
2075
2208
2245
2058
1971
2093
2150
2112
1973
1872
1997
2250
2582
2620
2329
1954
1854
1949
2293
2693
2779
2299
1953
1714
1679
1698
1753
1647
1666
1685
1697
1719
1705
1700
1724
1779
1802
1831
1970
2057
2302
2326
2223
2066
1814
1645
1670
1505
1379
1190
1171
1111
1118
1070
1017
966
941
886
947
1089
1628
2354
3437
3997
3995
3237
2195
1310
651
375
337
366
490
848
1500
2204
2904
3201
2997
2255
1612
865
504
261
179
136
146
143
150
156
139
144
135
137
145
187
147
185
183
188
181
173
155
152
142
140
122
96
111
84
85
98
85
84
85
73
80
94
78
87
76
90
94
81
81
94
66
82
76
73
71
81
88
77
79
73
69
91
75
72
80
91
100
75
116
112
122
85
92
92
76
84
80
72
84
85
84
68
69
90
74
67
84
65
61
55
40
46
24
37
35
29
34
26
25
20
32
29
35
58
53
59
75
89
99
111
122
113
132
113
90
79
55
48
26
30
25
17
9
10
15
17
11
10
11
16
8
10
9
8
12
5
9
14
6
6
13
4
12
10
2
8
4
259
