0
0
0
0
0
0
0
0
1542
4731
3104
2921
2879
2948
3022
3064
3178
3432
3810
4459
5566
5669
4418
3498
3244
3112
2995
2977
3106
3253
3010
2611
2324
2211
2127
2094
2119
2016
2012
2123
2150
2009
1937
2010
2062
2025
1919
1859
1956
2188
2424
2460
2239
1957
1837
1934
2224
2542
2591
2251
1907
1684
1629
1643
1689
1595
1610
1627
1640
1659
1651
1648
1670
1713
1743
1791
1891
2021
2172
2221
2140
1981
1780
1637
1575
1470
1328
1188
1128
1086
1075
1037
987
939
912
861
911
1045
1542
2241
3200
3769
3782
3164
2243
1388
756
433
342
366
499
826
1373
2035
2643
2974
2850
2311
1651
1004
561
308
191
141
138
140
143
148
139
137
133
132
137
169
154
165
177
178
177
169
157
147
142
135
124
106
97
94
82
87
88
82
81
76
73
83
82
80
78
80
87
84
79
84
77
73
75
73
70
72
80
81
75
74
70
72
84
72
70
79
88
92
81
112
109
110
85
88
85
76
79
76
73
78
81
78
69
70
77
74
69
72
67
59
53
43
39
30
31
33
30
30
27
25
21
26
29
31
49
53
54
66
80
91
102
113
114
117
118
98
82
66
51
37
26
28
21
14
8
9
14
15
10
9
11
13
8
8
9
8
9
6
8
10
7
0
