0
0
1911
5498
2961
2973
3030
2948
3124
3138
3217
3480
3995
4484
6221
6134
4055
3497
3364
3142
3201
3111
3401
3423
3201
2534
2332
2324
2242
2133
2141
2200
2042
2189
2130
2118
2093
2012
2164
2153
1962
1842
1980
2278
2517
2612
2348
1922
1825
2032
2377
2661
2778
2360
2044
1752
1664
1848
1798
1781
1675
1639
1674
1733
1600
1764
1658
1783
1775
1829
1956
2060
2268
2228
2237
1920
1869
1750
1669
1539
1358
1224
1098
1129
1101
1081
1041
976
859
867
851
1046
1544
2457
3319
4060
3979
3233
2244
1288
678
380
292
352
527
835
1443
2198
2873
3308
2976
2338
1547
927
478
254
193
137
152
127
129
116
165
131
141
142
128
125
165
192
211
205
187
150
150
148
129
118
117
100
92
113
92
95
99
107
96
85
96
85
92
88
78
122
66
86
81
69
67
82
86
93
65
82
72
54
69
66
78
59
64
62
75
72
97
95
102
103
105
96
111
80
80
81
69
60
74
100
80
79
75
64
73
103
75
60
65
59
65
42
33
49
28
38
35
31
30
26
31
33
21
37
41
43
78
77
108
140
124
114
140
110
81
74
64
39
39
27
20
21
19
13
7
16
16
9
9
7
11
6
10
12
9
12
14
9
12
6
9
10
11
9
8
5
4
236
