0
0
0
0
0
0
0
0
1530
4738
3254
2874
2918
2879
2983
3040
3125
3370
3801
4494
5511
5575
4406
3514
3250
3111
3065
3081
3225
3274
3051
2545
2286
2244
2172
2071
2069
2125
1991
2101
2068
2049
2019
1984
2062
2050
1915
1837
1949
2188
2399
2444
2236
1937
1833
1995
2287
2542
2592
2299
1980
1719
1637
1771
1742
1722
1622
1588
1620
1658
1583
1669
1640
1702
1729
1784
1887
2015
2138
2167
2088
1920
1793
1703
1606
1480
1326
1188
1092
1082
1068
1045
1006
943
840
837
825
1005
1484
2330
3156
3809
3779
3144
2239
1366
753
428
317
355
517
835
1363
2031
2662
3018
2869
2318
1623
1003
552
295
197
145
143
127
122
115
149
133
133
135
127
121
149
178
197
200
184
159
145
143
132
119
112
103
94
97
99
89
93
98
97
87
87
87
85
87
80
99
85
76
79
72
66
72
79
86
76
72
73
62
59
64
66
69
58
61
62
72
75
93
92
98
99
99
95
99
79
77
75
65
61
75
87
81
76
71
66
76
86
75
62
59
60
57
45
37
39
34
33
34
31
29
26
28
30
23
32
37
39
65
74
94
124
125
115
124
118
90
75
66
50
37
32
24
19
20
17
11
9
15
13
8
8
7
9
6
8
10
9
10
11
9
9
0
