0
0
1917
5536
2845
3011
3086
3057
3015
3197
3211
3560
4084
4396
6338
6237
4046
3458
3409
3155
3039
3032
3299
3401
3097
2570
2275
2243
2115
2211
2325
2073
2191
2063
2153
2106
2103
2073
2194
2117
1882
1841
1963
2307
2500
2667
2303
1886
1873
1935
2324
2750
2720
2427
1959
1773
1792
1828
1714
1707
1694
1770
1701
1756
1708
1683
1715
1806
1792
1812
1984
2034
2190
2263
2211
2087
1778
1807
1664
1520
1343
1164
1147
1095
1079
1080
1056
1027
951
862
865
1065
1560
2432
3401
4007
3963
3249
2186
1210
663
378
289
293
512
835
1378
2123
2918
3303
3103
2350
1562
925
505
281
210
145
174
143
146
135
156
152
151
131
109
140
170
188
191
172
184
159
165
145
143
92
109
107
108
99
91
86
71
108
92
92
64
82
98
80
77
79
89
87
74
90
59
70
76
68
73
69
81
68
56
56
67
81
86
60
86
76
92
107
122
117
95
106
102
78
88
80
83
89
73
72
82
71
73
71
90
86
68
85
65
52
60
52
43
32
23
26
41
30
28
29
26
28
35
33
55
57
81
83
92
104
139
143
147
109
99
59
40
42
34
18
10
13
13
13
10
15
18
8
10
8
6
10
9
9
5
9
7
10
9
6
10
12
7
4
3
3
2
230
