0
0
0
0
0
0
0
0
1526
4751
3171
2881
2966
2957
2938
3045
3141
3417
3845
4474
5538
5669
4447
3504
3264
3100
2967
2972
3137
3224
2995
2552
2243
2166
2058
2127
2238
2022
2100
2015
2062
2043
2030
2027
2080
2023
1869
1812
1933
2177
2398
2459
2237
1926
1824
1923
2228
2564
2596
2344
1947
1738
1729
1762
1664
1651
1639
1698
1656
1683
1657
1635
1662
1721
1737
1775
1880
1980
2085
2156
2129
1995
1808
1713
1623
1480
1318
1165
1107
1068
1046
1042
1024
997
930
846
835
1000
1439
2213
3102
3716
3774
3232
2319
1409
782
450
311
311
460
763
1232
1882
2580
3037
3001
2464
1728
1077
610
336
224
160
160
148
141
134
142
147
147
134
115
122
150
172
182
176
171
167
155
151
137
116
95
105
103
101
92
86
77
84
97
89
77
71
83
86
78
75
79
84
80
78
73
64
67
69
67
68
69
74
63
55
55
66
78
80
60
83
75
89
103
115
111
96
99
96
82
81
80
79
82
75
71
73
72
68
71
80
83
74
74
68
55
54
53
45
34
26
23
33
32
29
28
27
26
29
31
43
52
65
77
83
92
113
134
138
130
102
85
53
38
39
29
17
9
12
12
12
10
13
15
9
8
8
6
7
9
8
6
6
7
7
9
0
