0
0
0
0
0
0
0
0
1507
4685
3174
2945
2921
2871
2934
3022
3245
3441
3801
4482
5630
5659
4369
3462
3209
3050
2994
3023
3151
3244
2977
2548
2275
2202
2157
2225
2075
2069
2032
2089
2109
2055
1973
1983
2054
1983
1865
1805
1939
2228
2459
2465
2222
1956
1867
1944
2255
2566
2589
2325
1988
1743
1688
1663
1697
1637
1647
1636
1653
1643
1680
1640
1696
1726
1750
1797
1864
1987
2150
2253
2173
1971
1805
1701
1596
1441
1253
1149
1111
1062
1052
1004
982
958
893
817
823
1080
1531
2274
3116
3845
3826
3219
2271
1391
782
449
330
335
477
802
1315
1983
2632
3004
2865
2277
1615
1025
574
299
171
142
134
148
155
155
125
133
137
137
130
121
132
149
175
186
173
162
158
156
153
136
118
110
109
92
84
82
84
78
74
75
85
91
89
82
75
73
70
78
82
79
76
73
72
70
64
65
76
80
68
69
82
85
76
70
77
87
96
91
93
98
107
101
91
95
79
87
86
80
65
69
72
81
85
84
81
85
82
71
69
70
62
58
54
45
33
31
33
33
25
26
23
25
27
28
34
51
54
67
80
92
94
109
125
124
105
97
88
66
49
32
23
23
17
12
10
12
9
8
13
10
8
8
8
6
11
12
9
6
7
9
7
0
