0
0
1884
5455
2873
3079
3007
2949
3056
3100
3435
3499
4032
4345
6551
6127
3990
3434
3346
3065
3115
3086
3277
3451
3064
2575
2314
2275
2221
2309
2137
2140
2095
2168
2188
2126
2019
2032
2177
2042
1926
1806
1960
2342
2599
2639
2292
1936
1932
1916
2349
2731
2733
2406
2036
1771
1746
1716
1759
1692
1704
1690
1713
1690
1759
1666
1772
1785
1802
1865
1908
2052
2229
2403
2277
2003
1846
1759
1658
1502
1254
1173
1156
1083
1099
1028
1016
991
919
839
853
1137
1609
2413
3302
4141
4007
3311
2217
1287
702
383
326
314
480
845
1394
2182
2872
3282
2988
2208
1555
924
498
250
152
145
136
160
163
159
121
144
142
140
131
123
144
160
193
195
167
170
156
171
148
138
106
125
101
90
82
91
83
77
76
81
96
93
91
79
75
74
71
90
84
77
80
71
80
65
67
72
92
72
66
85
90
81
72
78
89
100
95
97
100
111
107
91
108
75
93
87
94
57
78
68
88
87
91
78
95
86
67
74
78
58
63
55
46
30
35
35
36
23
29
21
29
26
32
39
60
55
78
88
101
97
125
136
121
98
105
76
59
40
23
26
19
13
11
13
10
8
14
11
9
10
11
5
13
12
9
6
8
11
6
7
7
8
5
4
7
10
6
235
