0
0
1843
5528
2826
3038
3008
3116
3097
3239
3203
3565
3976
4314
6241
6197
4018
3375
3252
3207
3167
3074
3229
3507
3111
2558
2322
2283
2243
2259
2196
2086
2161
2082
2209
2120
2109
2097
2152
2094
1975
1847
1948
2295
2487
2571
2272
1825
1799
1985
2357
2751
2620
2426
2001
1731
1769
1805
1721
1731
1608
1661
1702
1682
1701
1692
1700
1799
1842
1854
1959
2092
2252
2265
2245
1982
1829
1816
1636
1515
1336
1203
1108
1109
1065
1165
1105
1007
899
832
848
1028
1576
2422
3389
4156
3966
3304
2177
1228
630
388
293
386
501
815
1459
2185
2967
3187
3021
2455
1664
944
454
275
181
155
150
149
152
144
151
142
122
134
127
152
176
193
190
190
185
179
164
151
122
136
108
96
107
105
99
82
84
84
95
99
94
93
82
87
85
82
75
85
88
76
74
68
66
74
74
71
87
72
69
60
67
90
66
79
70
95
97
106
108
119
108
101
98
81
74
65
95
83
76
75
79
78
81
77
82
73
79
61
68
52
50
36
32
38
28
33
19
34
23
26
28
41
43
43
45
57
66
83
125
118
122
124
132
120
98
77
56
32
36
33
17
13
12
21
12
13
9
11
6
11
9
12
8
11
8
12
12
5
6
7
8
5
8
7
6
2
8
241
