0
0
0
0
0
0
0
0
1474
4737
3147
2904
2918
2989
3011
3093
3151
3409
3785
4399
5478
5607
4388
3424
3172
3107
3058
3022
3130
3274
3016
2546
2279
2211
2173
2183
2128
2023
2081
2029
2113
2063
2040
2038
2060
2016
1912
1836
1933
2177
2377
2400
2170
1865
1785
1955
2278
2560
2525
2315
1961
1711
1710
1738
1668
1673
1559
1604
1641
1630
1641
1638
1657
1728
1774
1810
1898
2026
2142
2184
2118
1948
1804
1722
1600
1459
1308
1175
1090
1067
1049
1106
1070
980
877
809
818
983
1494
2286
3186
3870
3801
3199
2236
1333
726
427
325
365
504
806
1340
2024
2667
2989
2889
2433
1747
1058
552
305
197
156
146
145
145
141
144
140
123
125
125
139
162
180
185
183
181
175
164
149
132
122
116
100
97
102
97
87
79
81
86
93
93
91
85
81
83
82
76
77
82
79
74
69
65
66
70
71
74
77
69
64
60
71
81
66
75
73
91
95
102
106
113
104
98
91
78
71
70
85
81
75
73
74
76
76
76
76
74
71
64
60
55
47
37
32
33
30
29
23
28
25
24
25
35
39
40
41
50
59
73
105
116
117
117
122
121
105
85
64
44
31
33
26
15
12
13
18
11
12
8
9
6
9
9
10
8
9
8
10
10
6
4
0
