0
0
0
0
0
0
0
0
1573
4754
3100
2915
2973
2978
3022
3063
3123
3320
3768
4488
5568
5679
4417
3439
3183
3031
2987
3018
3170
3295
2984
2512
2260
2224
2155
2122
2157
2058
2002
2042
2069
1996
1962
2030
2127
2073
1885
1807
1945
2192
2416
2490
2289
1973
1842
1950
2243
2488
2507
2236
1937
1736
1664
1647
1705
1650
1603
1662
1610
1655
1717
1717
1712
1728
1803
1847
1890
2006
2138
2189
2148
1982
1782
1679
1614
1497
1334
1220
1141
1086
1037
1040
983
972
909
806
816
995
1448
2190
3080
3706
3789
3198
2350
1445
790
468
341
352
491
779
1265
1931
2596
2975
2939
2441
1706
1034
567
321
192
149
144
127
124
133
123
137
149
156
136
141
158
153
169
190
185
178
164
134
124
129
111
101
95
91
98
96
93
91
81
86
89
82
84
86
87
84
78
77
78
76
75
71
64
66
70
70
69
67
75
70
63
73
74
81
74
74
76
82
103
99
97
111
107
81
89
91
76
80
77
67
74
82
79
76
72
68
70
68
65
65
58
43
38
43
44
43
39
32
28
25
31
30
27
22
28
39
44
57
76
104
111
114
132
130
115
97
71
60
50
39
22
20
10
15
18
17
5
5
9
12
11
7
5
7
6
6
9
9
10
11
11
0
