0
0
1976
5527
2757
3069
3079
3077
3141
3173
3225
3396
4001
4465
6325
6291
3989
3390
3329
3035
3126
3069
3306
3525
3053
2522
2303
2305
2221
2192
2236
2121
2065
2119
2155
2051
2011
2098
2247
2182
1895
1807
2005
2293
2535
2678
2383
1943
1868
1965
2367
2626
2652
2289
1978
1774
1716
1701
1768
1703
1654
1732
1651
1715
1793
1771
1774
1765
1895
1912
1934
2078
2265
2261
2278
2029
1787
1733
1676
1550
1343
1253
1166
1120
1060
1086
1006
1005
932
819
850
1056
1561
2375
3358
3982
4016
3172
2322
1237
674
412
311
357
517
835
1396
2171
2914
3184
3083
2357
1556
882
470
280
168
148
149
125
131
142
121
152
158
166
126
158
169
148
197
198
185
189
155
118
144
125
105
106
90
102
103
94
101
86
79
102
84
82
93
85
96
77
82
77
85
73
81
64
68
74
72
74
65
80
75
63
76
76
84
77
77
79
83
109
102
97
117
120
72
97
103
66
93
80
61
82
90
74
86
69
72
76
67
69
68
59
38
42
48
44
46
37
31
27
24
39
27
27
19
38
46
49
70
89
130
103
136
141
123
114
77
66
53
47
23
23
11
16
19
20
5
7
11
14
12
7
5
10
5
9
11
9
13
11
13
5
8
9
19
8
7
4
3
256
