0
0
1896
5653
2893
3048
3013
2973
3094
3196
3337
3476
4033
4521
6484
6259
4083
3392
3430
3102
3042
2991
3262
3472
3107
2516
2285
2198
2250
2219
2098
2165
2137
2203
2111
2169
2070
2170
2104
2110
1971
1930
2055
2247
2454
2590
2382
1912
1767
2018
2287
2738
2649
2314
1987
1801
1672
1790
1771
1784
1638
1678
1700
1689
1734
1698
1767
1646
1765
1853
1908
2023
2252
2298
2223
1992
1807
1768
1660
1523
1353
1209
1122
1051
1125
1073
1048
968
976
789
886
1067
1534
2362
3499
4027
3982
3158
2191
1200
683
381
332
328
545
915
1340
2141
2960
3192
3068
2397
1600
925
468
281
185
134
152
129
150
142
140
148
128
128
163
130
143
179
180
205
183
176
151
148
159
95
109
114
89
85
97
85
92
82
96
90
105
95
91
88
83
87
70
93
80
74
76
70
84
89
65
68
58
87
72
83
77
77
87
75
94
78
90
122
102
93
104
104
89
92
101
83
91
73
72
75
79
76
67
84
66
72
82
46
60
69
49
33
50
32
35
27
28
21
32
21
31
31
32
43
39
68
75
99
92
110
128
149
122
111
93
85
47
32
38
25
21
14
14
11
10
16
11
5
9
10
7
7
14
15
5
10
8
10
10
7
6
8
7
6
5
4
5
247
