0
0
0
0
0
0
0
0
1510
4843
3230
2920
2919
2889
2971
3078
3205
3399
3817
4553
5658
5727
4454
3484
3246
3079
2949
2947
3118
3260
3007
2516
2239
2138
2169
2148
2036
2088
2070
2116
2059
2076
2032
2068
2049
2013
1932
1900
1993
2165
2346
2425
2257
1935
1792
1942
2229
2540
2529
2253
1950
1754
1636
1721
1713
1722
1593
1618
1640
1637
1665
1657
1676
1636
1693
1779
1852
1970
2125
2195
2123
1952
1789
1700
1609
1478
1327
1190
1095
1036
1069
1045
1015
944
941
785
844
1010
1431
2189
3183
3769
3777
3161
2265
1381
776
457
337
350
508
821
1266
1910
2614
2993
2935
2457
1742
1069
576
321
203
143
141
131
139
140
137
140
130
124
144
137
133
158
174
185
186
172
158
145
143
124
97
106
99
85
86
88
84
84
84
89
93
96
91
87
84
82
76
79
82
76
73
71
73
81
77
65
63
63
79
72
78
74
75
83
74
88
76
91
114
99
91
98
97
88
89
92
86
83
75
70
71
74
73
69
72
70
68
71
57
53
60
52
38
42
36
32
29
26
23
27
24
26
28
29
36
38
53
67
84
91
96
114
131
132
114
101
87
70
41
31
33
24
20
13
13
10
9
14
10
5
7
8
7
7
11
12
8
7
8
8
9
0
