0
0
1861
5480
2847
3016
3093
2924
3133
3148
3271
3540
4101
4356
6353
6237
3969
3400
3470
3261
3074
3062
3206
3355
3167
2490
2443
2227
2285
2278
2220
2107
2075
2147
2129
2093
1988
2029
2258
2058
1954
1845
1954
2335
2510
2648
2313
1968
1919
1917
2350
2642
2777
2335
1912
1745
1668
1839
1748
1687
1691
1706
1712
1647
1741
1724
1702
1728
1755
1897
2025
2037
2232
2311
2199
2012
1796
1780
1678
1547
1389
1191
1161
1121
1102
1079
1035
957
912
853
846
1116
1556
2405
3516
4012
3900
3378
2189
1338
654
404
325
344
507
862
1426
2225
2955
3172
2989
2388
1573
889
495
241
182
139
133
130
141
151
137
139
128
126
151
140
172
162
173
173
158
167
151
156
125
117
95
102
112
103
84
88
92
89
74
90
100
77
83
73
87
83
77
99
82
81
73
74
80
74
68
74
73
66
86
56
59
62
64
61
77
65
81
97
101
112
117
99
98
79
94
83
79
88
70
84
93
75
62
77
86
80
66
64
72
58
49
47
39
29
33
41
28
27
35
29
27
29
40
29
64
52
74
88
114
118
138
156
129
108
94
77
66
45
27
23
16
12
15
18
13
9
12
12
13
11
5
4
8
10
9
9
8
7
12
8
6
8
6
11
7
7
6
236
