0
0
0
0
0
0
0
0
1489
4702
3158
2890
2971
2875
2984
3053
3165
3432
3852
4477
5559
5651
4379
3462
3298
3176
3020
2988
3090
3185
3011
2523
2351
2185
2204
2203
2150
2043
2012
2069
2059
2019
1945
1990
2105
2013
1892
1832
1947
2205
2415
2453
2240
1974
1868
1944
2241
2523
2586
2264
1887
1700
1637
1761
1693
1633
1634
1649
1651
1609
1669
1668
1653
1670
1718
1830
1932
2009
2129
2191
2112
1943
1786
1705
1620
1495
1341
1188
1123
1089
1067
1044
1001
932
885
829
820
1065
1489
2286
3276
3788
3736
3227
2263
1394
765
444
340
355
506
830
1352
2040
2676
2974
2853
2367
1662
1001
558
292
188
144
130
127
133
143
136
134
126
123
139
138
156
160
162
167
159
156
153
146
134
115
102
95
102
102
90
82
86
88
79
79
91
85
77
75
78
82
78
85
86
81
75
71
73
74
69
68
70
68
70
71
56
57
59
61
61
72
66
81
93
99
109
110
96
91
81
87
81
78
79
73
80
84
73
65
72
79
76
67
63
64
58
50
45
38
31
30
35
30
27
31
30
28
27
35
31
53
54
64
79
101
111
125
143
136
114
97
83
69
54
36
25
20
14
11
14
16
12
8
11
11
12
9
5
4
6
8
9
8
8
7
9
0
