0
0
1870
5519
2929
2971
2987
2968
3092
3040
3164
3473
4013
4419
6265
6316
3978
3445
3461
3140
3030
3015
3252
3424
3153
2525
2313
2231
2206
2270
2247
2212
2104
2163
2259
2141
1998
2107
2181
2073
2035
1895
1942
2230
2515
2584
2371
2044
1842
1978
2366
2706
2772
2408
1997
1804
1813
1712
1763
1726
1666
1661
1689
1703
1714
1698
1757
1778
1777
1917
1918
2091
2310
2279
2219
2122
1932
1719
1543
1530
1282
1241
1169
1102
1135
1117
1066
966
909
825
907
1020
1524
2359
3461
3876
3989
3245
2207
1176
648
401
320
360
512
820
1451
2133
2965
3098
3009
2446
1482
952
491
274
182
146
127
148
154
130
123
142
129
149
125
144
155
165
183
188
200
175
140
152
154
131
112
109
96
109
93
78
88
82
94
82
101
97
71
98
91
98
87
76
100
71
81
84
77
70
73
67
71
81
78
80
71
73
75
81
75
93
96
98
103
118
92
96
92
72
89
85
92
81
84
74
67
77
80
90
81
72
68
57
65
69
56
44
37
34
51
28
32
39
23
27
19
36
39
28
36
59
70
97
107
118
124
136
126
114
98
65
51
39
25
34
11
13
17
12
17
12
13
7
17
16
6
14
18
9
6
14
11
14
5
3
7
6
8
8
8
7
5
247
