0
0
0
0
0
0
0
0
1495
4732
3228
2864
2883
2881
2957
2964
3064
3349
3791
4461
5533
5670
4424
3486
3283
3105
2956
2956
3112
3234
3027
2533
2263
2166
2137
2189
2174
2141
2045
2089
2160
2074
1971
2026
2075
2022
1950
1876
1924
2142
2372
2435
2277
2015
1856
1954
2263
2557
2613
2336
1970
1768
1745
1664
1701
1671
1614
1607
1630
1644
1653
1652
1689
1713
1742
1819
1887
2020
2169
2200
2142
2040
1877
1684
1533
1440
1291
1199
1137
1081
1090
1081
1034
944
885
807
867
975
1422
2193
3158
3666
3753
3207
2283
1358
748
451
342
357
491
786
1293
1953
2607
2940
2873
2444
1682
1046
595
322
199
151
128
137
145
132
122
130
129
137
129
132
145
154
168
178
186
178
152
140
146
137
118
107
100
97
98
83
79
83
83
85
88
95
82
82
89
90
89
80
84
81
75
77
79
73
69
68
66
70
77
76
75
68
70
72
78
74
89
92
93
100
108
91
91
85
76
81
84
85
81
78
73
68
71
77
82
80
72
65
60
60
63
57
45
38
34
43
34
28
34
27
24
22
28
35
31
30
46
61
81
96
108
115
123
126
116
104
83
58
46
34
26
27
10
12
16
11
16
12
11
8
14
14
8
12
15
10
7
10
12
10
7
0
