0
0
0
0
0
0
0
0
1555
4737
3099
2856
2905
2885
3035
2982
3124
3455
3928
4583
5616
5618
4342
3445
3216
3082
3008
3008
3126
3229
3037
2541
2286
2179
2204
2209
2189
2069
2059
2140
2072
2027
1962
2078
2125
2040
1890
1815
1923
2180
2436
2477
2238
1939
1813
1953
2278
2568
2582
2254
1903
1705
1708
1734
1638
1661
1674
1608
1606
1621
1682
1667
1701
1730
1751
1801
1857
2034
2153
2199
2127
1940
1779
1681
1629
1502
1305
1155
1074
1056
1070
1058
1004
938
868
852
849
1090
1582
2381
3386
4001
3863
3067
2026
1190
644
386
310
337
532
908
1485
2204
2766
2984
2780
2218
1526
918
487
268
178
152
136
127
144
153
147
144
117
104
145
140
169
162
207
168
163
163
151
136
123
120
117
95
91
94
91
93
92
87
90
89
86
89
85
73
70
72
81
86
77
70
72
74
74
71
70
74
71
58
62
63
68
72
63
65
73
89
92
83
95
106
97
89
96
90
76
76
67
76
89
83
79
70
77
73
71
75
76
73
61
53
49
45
44
42
36
35
36
33
29
27
19
24
35
31
35
50
46
60
83
92
94
124
126
113
91
84
83
66
51
38
24
20
13
12
13
14
12
10
8
7
8
9
7
8
12
9
9
10
6
5
9
0
