0
0
1931
5467
2792
2976
3005
2950
3204
3002
3243
3551
4164
4481
6331
6219
3975
3415
3344
3123
3111
3054
3234
3403
3213
2534
2346
2227
2280
2281
2264
2135
2121
2219
2134
2103
1985
2158
2218
2130
1944
1828
1930
2224
2544
2675
2345
1975
1799
1933
2327
2681
2794
2355
1968
1728
1754
1817
1681
1712
1736
1659
1657
1665
1742
1713
1751
1790
1785
1880
1843
2099
2238
2264
2300
1976
1869
1697
1718
1612
1344
1195
1098
1079
1109
1106
1043
981
891
884
844
1071
1541
2334
3415
4140
4098
3302
2164
1255
655
373
313
301
478
875
1382
2287
2893
3202
2993
2382
1570
951
449
263
168
159
140
124
152
160
150
151
119
106
151
144
177
163
225
165
171
170
153
140
121
124
133
79
103
94
91
102
95
82
104
86
92
94
87
69
77
71
90
89
76
71
78
78
75
72
73
79
71
55
69
63
77
73
61
74
77
107
85
86
111
111
88
98
106
78
85
70
67
96
85
91
69
80
78
70
79
80
79
69
52
54
45
44
51
34
38
38
41
22
36
17
19
43
30
31
59
42
61
87
96
95
130
131
116
93
86
85
67
50
39
21
20
11
14
15
14
11
10
7
9
10
9
6
13
11
7
14
8
4
10
10
9
8
11
7
7
8
9
266
