0
0
1963
5530
2826
2977
2884
3028
3094
3132
3381
3565
3960
4368
6248
6133
3942
3461
3308
3205
3226
2990
3299
3522
3101
2594
2366
2280
2300
2222
2209
2143
2153
2195
2190
2088
2074
2084
2134
2196
1970
1941
1983
2205
2510
2591
2348
1887
1899
1934
2404
2592
2719
2328
1896
1756
1759
1791
1764
1715
1654
1615
1781
1657
1798
1707
1749
1766
1790
1827
2013
2012
2288
2353
2303
2057
1887
1732
1640
1502
1326
1191
1111
1133
1113
1028
1006
970
954
800
868
1081
1556
2495
3251
4047
3978
3278
2171
1217
701
394
310
321
491
840
1487
2190
2850
3197
3029
2321
1537
883
490
238
182
171
179
158
133
141
159
117
154
118
137
153
153
189
191
180
196
152
170
139
135
122
115
93
108
87
96
88
105
83
87
86
93
95
85
73
93
81
98
70
78
91
75
69
85
58
78
73
74
83
73
76
55
79
73
59
74
73
94
100
102
105
97
88
110
97
83
86
74
80
79
72
101
88
77
76
83
70
74
75
62
59
59
44
40
36
34
33
22
41
24
26
31
28
38
42
46
59
89
71
103
128
135
144
140
105
99
77
47
46
24
21
16
21
15
15
11
9
14
13
13
9
6
11
10
14
14
13
13
7
10
5
13
7
5
12
7
8
9
242
