0
0
0
0
0
0
0
0
1570
4756
3148
2853
2810
2900
2979
3044
3227
3452
3781
4418
5479
5569
4356
3456
3223
3131
3073
3001
3150
3298
3020
2576
2316
2216
2219
2154
2137
2076
2081
2116
2110
2034
2009
2019
2061
2069
1953
1891
1952
2140
2365
2432
2232
1939
1839
1952
2257
2489
2545
2258
1880
1715
1701
1727
1707
1660
1603
1572
1695
1631
1707
1671
1684
1707
1731
1791
1900
2001
2154
2247
2189
2018
1837
1696
1583
1454
1301
1170
1094
1088
1072
1006
975
941
925
789
831
1024
1465
2298
3057
3743
3790
3212
2264
1367
781
460
328
332
474
800
1333
1984
2588
2957
2896
2377
1660
1014
569
296
190
169
170
158
135
133
147
124
138
124
125
142
147
169
183
179
180
168
153
148
132
124
114
102
94
95
87
89
92
91
81
84
86
89
87
77
80
83
86
80
74
80
80
72
73
70
65
71
71
73
76
71
69
58
75
68
59
71
73
90
96
97
99
93
90
101
93
84
80
75
75
76
77
87
86
78
74
76
72
69
70
63
58
56
47
40
36
33
32
24
33
28
24
27
29
32
38
42
51
73
76
86
111
125
133
137
120
99
87
63
45
37
23
19
15
20
14
14
10
8
12
13
12
9
6
9
10
12
13
13
11
9
7
0
