0
0
0
0
0
0
0
0
1488
4808
3136
2935
2957
2999
2972
3032
3184
3428
3810
4482
5648
5656
4340
3413
3190
3115
3045
3059
3210
3241
2996
2601
2291
2184
2198
2152
2108
2053
2028
2004
2049
1944
1934
2043
2133
2058
1863
1796
1921
2169
2406
2441
2204
1899
1821
2023
2305
2573
2607
2261
1887
1705
1657
1654
1677
1679
1676
1600
1647
1641
1647
1633
1677
1738
1740
1798
1868
2009
2169
2219
2088
1945
1801
1661
1571
1453
1315
1219
1129
1035
1017
1041
994
946
882
867
837
1034
1590
2393
3321
3855
3744
3106
2088
1218
696
443
343
355
509
878
1453
2125
2726
3019
2874
2316
1565
937
515
268
179
151
152
139
126
129
137
136
126
127
144
133
157
169
183
172
191
180
186
168
138
126
114
100
90
87
88
83
87
93
86
83
86
80
66
67
78
78
79
90
93
89
83
74
80
73
70
63
63
72
69
68
67
61
73
82
78
85
92
90
98
108
108
111
90
97
86
87
82
76
79
85
82
71
83
83
72
73
73
68
67
62
50
48
51
45
37
32
30
31
27
31
29
25
28
37
44
50
39
61
78
100
110
130
129
111
116
99
72
64
48
30
22
25
23
14
12
14
10
11
8
5
8
9
9
8
12
8
6
9
7
7
7
0
