0
0
1858
5589
2806
3074
3045
3116
3045
3135
3301
3525
4022
4316
6525
6168
3990
3365
3285
3217
3123
3102
3375
3402
3105
2651
2326
2241
2279
2219
2176
2119
2094
2062
2136
1993
1976
2109
2236
2172
1883
1807
1946
2226
2530
2621
2313
1910
1764
2093
2345
2690
2817
2353
1925
1747
1707
1705
1734
1735
1736
1650
1702
1693
1706
1676
1720
1817
1767
1869
1891
2065
2230
2392
2138
2014
1899
1672
1657
1519
1346
1262
1184
1048
1039
1096
1026
984
905
900
850
1040
1605
2423
3424
4036
3941
3304
2161
1204
673
431
332
340
471
840
1484
2194
2920
3232
3075
2438
1535
907
486
230
178
149
164
141
127
135
143
140
129
134
152
136
168
176
196
169
212
172
207
167
129
137
108
105
85
95
92
76
102
95
83
87
94
78
61
76
84
79
84
100
93
90
83
72
90
68
74
61
70
80
64
75
63
64
89
80
84
95
93
95
114
104
131
87
107
89
90
88
78
83
85
96
65
85
94
72
73
83
65
73
69
51
43
62
46
39
33
30
38
22
37
29
25
28
40
48
54
37
67
83
107
116
138
132
111
122
98
67
68
43
24
22
29
22
9
17
11
12
10
5
9
10
11
7
14
10
6
10
8
8
8
7
8
3
3
11
8
8
9
244
