0
0
0
0
0
0
0
0
1417
4807
3163
2885
2918
2937
2937
3028
3178
3420
3851
4518
5590
5676
4383
3447
3300
3190
3027
2986
3111
3225
2988
2529
2317
2214
2200
2095
2153
2113
2083
2027
2134
2020
1976
2056
2097
2035
1922
1829
1899
2149
2395
2420
2175
1881
1800
1976
2292
2560
2580
2258
1904
1729
1637
1620
1673
1732
1671
1668
1628
1596
1651
1654
1689
1739
1771
1836
1920
2050
2173
2227
2152
1977
1801
1700
1586
1410
1256
1169
1109
1079
1064
1047
1016
937
897
819
864
1065
1474
2250
3153
3740
3716
3116
2233
1370
748
448
338
344
499
823
1334
2013
2673
3027
2937
2396
1688
1043
570
307
201
155
148
122
134
153
146
120
120
129
127
127
141
160
184
188
174
169
165
147
133
121
107
95
85
94
103
98
92
92
101
96
87
87
88
78
79
79
76
75
70
67
70
69
68
76
76
65
63
73
71
66
60
64
82
64
55
75
89
97
97
96
100
115
101
94
92
83
78
76
80
88
80
69
68
72
73
68
67
68
65
56
45
46
48
37
31
34
29
24
28
24
27
26
23
29
30
45
50
60
82
93
101
112
127
126
102
90
77
60
58
35
20
18
12
15
10
16
9
11
15
8
12
9
10
16
13
6
5
8
10
10
11
0
