0
0
1772
5630
2826
3016
3019
3044
3022
3147
3301
3511
4095
4445
6372
6280
3951
3372
3486
3273
3085
3047
3231
3429
3095
2526
2382
2275
2279
2158
2232
2182
2153
2077
2247
2064
2019
2144
2194
2106
1989
1838
1913
2235
2550
2588
2250
1861
1802
2016
2393
2706
2744
2319
1928
1779
1684
1672
1733
1794
1725
1728
1681
1637
1724
1701
1746
1813
1815
1912
1961
2142
2256
2355
2236
2046
1805
1775
1652
1436
1273
1204
1136
1113
1100
1082
1052
960
925
839
900
1121
1554
2405
3393
4001
3902
3167
2181
1259
621
421
311
333
513
877
1429
2225
2966
3242
3096
2327
1597
918
483
261
190
150
156
116
147
165
146
116
130
137
128
134
153
173
204
188
171
180
166
141
137
115
109
88
85
111
102
102
87
105
105
93
86
95
87
73
89
76
79
79
66
74
74
68
76
86
70
60
78
74
70
63
59
89
70
53
75
90
101
101
100
99
125
105
97
99
85
79
80
78
99
82
67
72
76
79
66
72
70
68
59
39
52
51
34
31
39
26
24
32
21
31
25
22
35
29
56
52
70
95
101
110
122
143
117
94
94
59
70
46
21
21
13
17
9
19
10
11
18
7
14
9
11
18
15
4
6
11
11
11
11
17
5
9
10
2
6
7
9
230
