0
0
0
0
0
0
0
0
1424
4895
3173
2826
2887
3041
3064
3065
3202
3377
3836
4569
5542
5544
4360
3445
3187
3081
3016
3036
3194
3252
3023
2526
2273
2168
2156
2099
2109
2025
1963
2057
2121
2083
2043
2027
2045
2019
1912
1846
1947
2224
2492
2492
2224
1943
1823
1977
2273
2550
2564
2283
1926
1708
1662
1645
1690
1653
1609
1634
1657
1638
1671
1617
1670
1729
1759
1801
1882
2016
2180
2225
2125
1941
1772
1677
1612
1457
1287
1185
1123
1069
1061
1057
1031
960
912
814
838
1029
1551
2365
3292
3804
3797
3163
2145
1247
693
428
333
356
511
837
1413
2116
2683
2983
2879
2309
1596
968
529
296
196
164
157
149
135
121
142
142
131
149
141
135
149
154
182
192
198
162
143
145
129
107
102
101
86
81
85
86
89
90
88
83
80
82
86
79
68
77
82
75
78
76
77
66
67
69
70
73
75
76
79
76
67
66
68
72
63
66
76
83
93
100
94
107
99
82
85
74
77
77
82
72
74
72
73
70
63
65
71
67
59
58
55
47
44
38
32
30
29
23
23
19
20
21
33
37
38
51
54
58
73
96
128
125
124
133
120
100
85
65
49
35
26
19
12
8
12
13
9
11
11
6
7
4
8
12
7
10
11
10
9
8
7
0
