0
0
1778
5714
2831
2938
2984
3186
3163
3136
3360
3403
4062
4573
6233
6072
4058
3385
3295
3150
3113
3074
3359
3408
3173
2516
2331
2224
2234
2163
2180
2089
2021
2130
2203
2150
2106
2084
2123
2112
1967
1867
1954
2287
2649
2695
2257
2017
1758
2035
2316
2706
2722
2380
1972
1740
1718
1691
1752
1709
1663
1688
1716
1683
1745
1649
1724
1794
1815
1846
1940
2041
2304
2323
2243
1990
1829
1695
1727
1505
1310
1217
1167
1088
1100
1094
1073
988
949
834
861
1060
1592
2432
3443
3990
4012
3325
2169
1195
648
402
323
334
515
797
1449
2296
2853
3186
3120
2313
1590
898
475
269
186
165
162
153
137
123
152
145
134
158
142
139
159
157
202
195
218
143
153
151
129
95
117
100
79
88
89
90
95
91
90
82
85
86
92
75
67
88
83
73
86
75
84
59
77
70
77
78
80
78
88
68
71
65
80
66
64
78
83
93
107
92
111
111
83
92
76
82
74
92
71
79
73
78
74
65
62
80
73
57
62
62
40
54
36
34
27
38
18
28
18
22
19
39
39
41
56
58
62
80
105
141
126
130
142
117
97
82
59
46
29
24
16
8
11
16
10
12
14
7
10
4
8
14
8
11
12
10
11
8
8
11
11
5
8
6
12
4
10
235
