0
0
0
0
0
0
0
0
1376
4785
3160
2901
2866
2892
2923
3059
3245
3452
3824
4476
5604
5706
4388
3437
3254
3128
2956
2938
3096
3221
3039
2561
2277
2187
2129
2239
2098
2077
2049
2071
2083
2005
1943
1957
2010
1990
1974
1898
1955
2168
2385
2447
2256
1947
1831
1989
2285
2566
2569
2281
1887
1648
1628
1697
1692
1697
1659
1679
1658
1679
1589
1667
1693
1743
1760
1795
1903
1988
2117
2206
2144
1995
1851
1758
1642
1465
1306
1182
1105
1106
1086
1035
986
957
853
827
835
994
1426
2235
3202
3774
3805
3196
2251
1353
765
454
338
362
514
846
1386
2042
2640
2963
2881
2372
1666
1001
555
324
202
163
156
120
126
139
141
143
143
129
123
138
141
155
183
188
174
168
157
152
146
124
115
113
107
94
87
85
86
86
82
84
76
83
98
100
88
80
76
78
80
74
74
77
72
65
70
76
76
71
64
67
70
67
73
73
66
79
90
87
92
100
97
105
94
89
92
88
76
70
73
86
79
69
62
66
72
70
65
69
68
54
44
43
40
35
35
32
30
31
26
18
23
26
28
23
39
45
51
62
81
105
105
105
128
129
112
104
89
63
46
33
23
20
21
17
14
13
10
13
9
8
14
5
6
9
8
7
9
10
8
10
13
0
