0
0
1720
5611
2825
3034
2944
3003
3009
3184
3391
3532
4051
4362
6408
6329
3936
3397
3391
3240
2984
3004
3225
3404
3179
2563
2322
2257
2187
2328
2161
2147
2116
2144
2166
2065
1994
2011
2118
2019
2104
1889
1991
2241
2516
2599
2389
1923
1823
2037
2351
2734
2710
2376
1919
1673
1676
1762
1749
1756
1714
1739
1708
1757
1606
1748
1734
1819
1823
1813
2015
2012
2206
2343
2220
2071
1872
1834
1718
1495
1340
1212
1116
1156
1125
1066
1014
993
872
854
866
1037
1492
2361
3426
3998
4023
3281
2226
1234
703
398
321
357
519
863
1500
2207
2899
3162
3056
2353
1599
876
489
292
182
165
161
114
136
147
146
150
146
129
126
150
144
168
203
191
171
180
147
171
139
120
115
121
103
91
88
87
94
85
87
87
71
100
106
101
81
81
77
85
83
70
82
80
68
66
82
78
80
64
69
76
68
75
79
67
79
94
90
95
105
99
111
98
91
97
95
77
74
66
99
79
75
58
70
79
74
61
77
75
52
41
50
39
35
39
30
33
32
25
16
27
29
32
21
48
49
56
71
92
119
102
115
146
127
106
110
78
53
41
26
20
23
18
15
14
11
15
10
7
18
6
7
11
8
9
11
11
8
10
17
7
6
6
11
8
3
4
6
241
