0
0
0
0
0
0
0
0
1472
4792
3127
2938
2953
2937
2880
2962
3087
3424
3872
4532
5683
5787
4425
3425
3220
3068
2941
2997
3179
3295
3016
2505
2287
2184
2212
2130
2099
2039
2028
2072
2027
1978
1981
2004
2063
2034
1915
1815
1913
2143
2343
2371
2205
1951
1827
1931
2266
2567
2647
2326
1935
1690
1667
1669
1704
1688
1627
1674
1652
1681
1695
1676
1700
1700
1753
1835
1911
2008
2107
2173
2155
1981
1795
1656
1539
1452
1313
1203
1135
1079
1028
1049
1023
981
878
817
833
987
1413
2196
3082
3716
3803
3278
2321
1422
806
480
340
335
482
772
1270
1975
2624
2985
2925
2436
1727
1076
599
331
217
165
154
139
133
146
143
142
135
130
135
150
150
169
176
182
192
172
154
139
139
122
114
100
91
87
94
90
89
85
85
91
88
84
87
84
74
76
76
78
85
78
61
60
71
70
66
71
72
69
59
82
72
71
77
77
81
78
84
97
93
97
113
103
98
92
85
80
77
80
81
83
88
84
78
76
76
72
63
57
55
51
51
45
40
31
26
34
31
28
20
24
27
25
28
35
37
47
56
66
79
98
110
114
133
133
111
101
85
71
52
33
29
26
11
11
16
15
12
11
7
8
8
7
8
9
10
10
7
6
7
8
8
0
