0
0
1850
5602
2777
3094
3046
3046
2943
3101
3155
3595
4107
4424
6562
6374
3959
3360
3392
3119
2991
3091
3319
3506
3114
2487
2353
2243
2297
2195
2169
2105
2097
2156
2091
2034
2055
2059
2169
2113
1989
1787
1983
2222
2512
2474
2323
1929
1861
1926
2404
2701
2828
2374
1961
1717
1727
1728
1767
1744
1678
1742
1702
1746
1762
1719
1780
1735
1819
1914
1974
2085
2210
2244
2324
1970
1856
1689
1566
1524
1319
1232
1165
1110
1051
1094
1053
1009
892
837
867
1047
1526
2411
3367
4011
3999
3328
2156
1266
664
443
294
333
526
825
1407
2287
2895
3236
3011
2367
1559
934
489
282
199
157
161
137
137
160
143
151
133
135
145
164
149
198
167
213
185
177
138
156
128
127
107
101
84
99
95
92
95
79
100
90
94
80
102
73
75
87
71
91
90
67
52
77
76
65
75
74
79
52
89
74
74
80
80
84
81
87
102
96
98
123
103
103
94
88
82
77
87
81
87
97
84
77
83
74
81
56
64
53
52
57
42
43
27
27
41
28
27
16
31
27
24
35
41
37
59
59
80
89
119
110
133
149
116
112
90
80
60
35
31
29
12
12
17
15
12
11
7
10
8
9
9
11
12
9
7
8
8
11
7
8
5
11
8
10
7
7
5
223
