0
0
0
0
0
0
0
0
1440
4659
3050
2876
2945
2905
2961
3114
3277
3437
3833
4573
5638
5669
4416
3460
3225
3138
3054
3048
3154
3247
3055
2552
2306
2159
2136
2128
2076
2055
2030
2045
2090
2048
1949
2001
2093
2059
1901
1821
1953
2193
2431
2485
2249
1948
1840
1981
2256
2522
2508
2238
1868
1685
1611
1699
1660
1669
1586
1675
1618
1607
1669
1635
1647
1693
1776
1801
1837
1935
2105
2198
2109
1933
1814
1754
1623
1448
1326
1188
1137
1065
1039
1032
987
947
926
800
825
983
1459
2282
3149
3815
3861
3277
2304
1375
749
440
341
355
477
802
1342
1989
2628
3034
2944
2398
1696
1027
577
325
185
153
152
153
151
145
145
133
123
117
140
147
151
152
157
157
170
180
162
145
140
135
122
108
103
87
87
95
94
89
88
89
90
82
84
80
81
88
79
70
74
74
70
78
77
75
77
72
71
71
70
68
74
72
68
75
66
74
68
93
95
96
104
90
97
95
83
80
84
78
74
73
81
82
78
73
71
74
68
58
57
60
60
54
44
38
38
35
34
26
25
28
26
27
27
28
38
49
53
59
73
100
113
120
138
139
116
91
78
67
50
39
18
15
16
9
14
11
9
8
7
11
10
9
10
11
8
7
7
8
8
6
6
0
