0
0
1801
5441
2722
3027
3054
2985
3068
3248
3430
3496
4036
4566
6432
6187
4057
3392
3339
3232
3131
3126
3277
3425
3197
2533
2372
2212
2208
2200
2143
2124
2097
2115
2175
2126
1978
2067
2203
2159
1941
1802
2030
2260
2572
2681
2311
1952
1825
2045
2326
2697
2631
2322
1885
1730
1650
1769
1714
1729
1635
1746
1665
1650
1752
1673
1708
1734
1876
1844
1906
1959
2225
2331
2193
1966
1839
1854
1675
1454
1394
1178
1196
1078
1074
1071
1015
975
955
814
859
1033
1555
2459
3379
4101
4060
3349
2211
1232
640
387
328
365
459
859
1487
2177
2898
3312
3054
2341
1597
880
502
280
161
158
160
158
155
148
153
131
125
117
159
150
161
156
169
156
192
185
153
146
142
144
107
122
91
87
93
107
87
99
83
103
84
85
91
74
93
95
69
72
85
69
75
91
67
88
73
76
71
77
67
78
76
69
80
68
79
66
97
99
97
112
90
103
102
83
80
92
78
77
70
92
82
83
73
72
85
68
56
61
65
61
55
42
38
41
34
37
23
29
31
24
31
26
31
45
56
56
67
85
119
117
133
155
133
105
81
79
52
53
19
16
20
9
15
12
10
9
8
13
10
9
12
11
8
8
8
10
8
6
6
16
9
12
4
5
7
3
2
235
