0
0
1769
5700
2800
3078
3066
2968
2984
3034
3278
3563
4059
4402
6339
6249
3983
3347
3316
3177
3157
2902
3396
3498
3161
2622
2286
2232
2299
2248
2199
2142
2045
2141
2123
2107
2009
2130
2142
2109
1930
1798
2078
2309
2529
2578
2366
1926
1864
1963
2461
2707
2639
2354
1967
1795
1822
1750
1765
1675
1648
1635
1741
1640
1725
1729
1753
1802
1791
1959
1943
2068
2223
2270
2252
1955
1858
1753
1623
1507
1356
1200
1090
1088
1079
1099
1113
962
901
908
885
1095
1529
2422
3398
3994
4005
3273
2187
1216
644
409
276
332
469
867
1358
2296
2846
3314
3052
2417
1556
861
476
269
189
132
155
138
158
156
152
109
148
135
146
131
156
156
202
174
206
178
168
132
131
114
143
122
111
93
104
97
89
88
107
93
93
89
94
89
89
73
80
54
86
88
88
91
86
81
69
77
65
54
61
68
70
68
92
64
82
76
98
91
111
119
109
98
107
82
95
76
69
73
78
75
74
92
95
79
90
61
72
72
61
56
45
38
44
42
37
36
26
24
18
21
16
28
31
26
41
57
81
82
95
112
132
147
143
115
89
83
63
37
31
25
13
13
11
12
8
11
9
7
7
9
12
7
7
6
9
10
8
6
8
6
9
7
7
6
9
4
6
226
