0
0
0
0
0
0
0
0
1416
4881
3145
2934
2967
2894
2887
2950
3146
3444
3848
4493
5574
5651
4370
3410
3192
3109
3014
2959
3189
3312
3049
2590
2257
2172
2215
2178
2130
2075
1989
2063
2056
2031
1975
2042
2065
2013
1878
1828
1999
2232
2408
2434
2234
1948
1840
1989
2335
2559
2511
2255
1929
1761
1752
1699
1701
1621
1595
1588
1672
1604
1660
1675
1700
1733
1768
1860
1911
2011
2128
2181
2111
1935
1794
1689
1573
1449
1310
1170
1075
1052
1049
1062
1058
941
877
876
859
1058
1485
2332
3233
3790
3787
3144
2172
1283
707
426
310
333
496
832
1371
2076
2694
3030
2908
2357
1616
952
527
299
195
141
144
137
148
152
149
113
136
133
138
130
145
152
180
179
187
181
163
141
126
119
123
125
110
98
94
97
90
86
94
96
90
88
88
89
87
77
74
62
71
82
84
86
86
81
73
71
69
59
56
60
64
67
74
80
66
78
79
93
93
109
112
102
96
97
82
86
73
67
70
74
73
77
86
87
82
77
67
66
67
60
53
45
40
40
40
37
33
27
23
19
19
17
24
29
26
36
52
72
77
88
103
121
137
139
120
95
83
68
46
32
28
19
12
12
10
10
7
10
8
6
6
8
10
6
6
5
7
8
8
6
6
0
