0
0
1832
5614
2841
3106
3003
2968
3101
3069
3268
3567
3895
4457
6174
6409
4127
3351
3237
3361
3113
3078
3162
3590
3070
2423
2290
2331
2280
2179
2208
2094
2115
2241
2184
2082
2003
2061
2213
2081
1916
1891
1978
2287
2518
2667
2295
1939
1768
1923
2358
2687
2712
2421
1911
1798
1702
1799
1817
1631
1618
1717
1691
1697
1729
1774
1775
1877
1810
1853
1971
2059
2299
2294
2175
1947
1907
1764
1648
1534
1318
1199
1134
1087
1049
1060
1063
956
943
828
844
1007
1535
2489
3398
4092
4096
3306
2253
1289
640
435
274
334
456
857
1408
2191
2832
3276
3094
2329
1555
929
485
257
180
140
150
151
121
149
143
126
130
128
147
171
162
180
193
171
197
170
158
141
121
111
113
124
110
108
75
81
81
87
79
81
97
99
91
81
97
66
67
76
81
85
89
68
70
64
78
71
94
61
59
70
70
73
77
74
72
98
88
100
127
101
106
83
95
73
85
89
72
72
80
67
78
72
70
72
63
69
66
46
66
49
53
45
35
39
45
40
33
33
27
34
29
26
48
39
52
65
75
77
100
120
124
126
134
116
93
63
52
46
31
31
16
16
11
9
15
8
8
9
10
18
19
9
10
6
8
10
10
12
9
7
9
10
8
2
5
8
3
219
