0
0
0
0
0
0
0
0
1465
4802
3172
2959
2921
2885
2964
2995
3144
3413
3761
4432
5514
5716
4508
3442
3185
3171
3069
2998
3100
3304
2994
2445
2237
2245
2207
2114
2132
2032
2045
2148
2112
2021
1958
2002
2085
2012
1887
1850
1953
2180
2406
2462
2237
1927
1781
1905
2243
2534
2573
2324
1911
1744
1661
1731
1754
1585
1566
1650
1638
1642
1670
1706
1730
1782
1772
1802
1892
2015
2159
2195
2088
1935
1826
1721
1602
1475
1307
1177
1104
1057
1022
1022
1024
936
914
813
813
957
1432
2289
3153
3806
3878
3276
2340
1431
782
460
325
321
462
779
1293
1948
2584
2998
2961
2414
1686
1053
584
308
194
146
142
144
125
136
139
127
125
124
134
156
160
166
180
175
176
175
157
143
126
113
108
112
113
104
89
74
78
80
81
77
84
92
92
84
85
78
66
67
74
79
83
77
68
66
66
72
75
79
60
58
66
67
70
74
71
73
93
86
99
117
100
98
85
85
76
80
82
73
70
73
70
70
71
69
67
64
63
62
53
54
52
48
45
37
35
41
40
34
32
28
30
30
27
38
41
45
56
66
72
86
105
116
118
123
122
103
80
58
49
40
29
27
15
15
10
9
13
8
7
7
9
15
16
11
8
7
6
8
9
10
9
0
