0
0
0
0
0
0
0
0
1466
4818
3188
2863
2991
2873
2939
2981
3173
3431
3814
4465
5544
5631
4372
3444
3246
3163
3057
3046
3163
3240
3163
2606
2286
2256
2214
2164
2138
2043
1977
2039
2118
2054
1946
2002
2082
2034
1930
1868
2006
2244
2453
2439
2197
1958
1882
2013
2227
2461
2550
2319
1927
1707
1629
1723
1713
1651
1618
1661
1683
1678
1629
1641
1701
1750
1774
1794
1897
2026
2152
2164
2065
1917
1800
1710
1586
1433
1315
1201
1111
1064
1067
1010
982
903
892
798
781
1017
1465
2244
3150
3781
3749
3037
2171
1350
747
435
329
353
512
835
1339
1996
2657
3038
2946
2374
1645
986
543
292
182
157
156
157
138
131
141
120
105
120
121
137
160
162
164
181
191
188
173
146
131
120
105
101
97
89
82
82
82
87
83
79
69
78
89
86
80
86
80
84
91
83
75
73
82
78
72
68
67
70
71
76
73
66
65
71
74
76
88
94
106
97
102
103
105
90
89
78
77
81
85
89
84
81
75
75
76
78
74
66
63
63
61
52
48
46
40
38
34
26
19
17
29
26
28
28
36
42
61
63
70
93
114
124
148
130
112
92
82
71
52
41
29
17
13
16
13
15
15
12
8
8
10
11
16
13
10
5
8
8
5
9
11
0
