0
0
1832
5613
2858
2978
3128
2914
3081
3038
3332
3528
4025
4386
6310
6226
3968
3404
3356
3277
3117
3112
3311
3354
3389
2577
2322
2338
2284
2233
2208
2108
2036
2110
2209
2129
1974
2068
2195
2099
2012
1833
2089
2293
2623
2600
2241
1998
1863
2090
2280
2575
2713
2429
1953
1751
1662
1793
1773
1706
1672
1719
1742
1740
1674
1688
1764
1812
1847
1812
1981
2059
2294
2238
2171
1947
1860
1772
1658
1450
1373
1227
1142
1083
1122
1031
1023
922
925
819
806
1063
1526
2353
3336
4022
3971
3078
2180
1284
666
392
316
337
522
852
1418
2127
2926
3259
3149
2332
1600
866
487
249
169
161
163
162
138
134
150
117
106
131
123
149
173
165
172
197
200
192
175
132
143
110
108
102
102
84
89
77
93
86
84
80
65
95
88
89
79
98
72
98
96
76
76
74
96
68
79
61
79
68
81
78
70
66
74
77
75
91
93
112
101
106
106
114
92
98
79
78
86
85
99
82
90
71
82
76
86
77
67
64
67
65
50
52
47
40
40
36
25
18
17
35
24
33
27
41
46
71
63
77
106
126
132
165
116
116
81
89
61
45
40
20
13
17
14
16
16
13
9
9
11
11
18
13
12
4
10
9
4
11
13
9
7
2
8
9
2
8
6
231
