0
0
0
0
0
0
0
0
1449
4860
3144
2803
2882
2880
2926
2994
3170
3425
3831
4510
5542
5596
4381
3428
3166
3088
3025
3006
3135
3236
3077
2583
2295
2237
2179
2184
2121
2058
2108
1990
2062
2067
2028
2047
2107
2052
1924
1861
1951
2170
2370
2399
2232
1997
1882
1981
2306
2583
2587
2286
1921
1730
1735
1677
1724
1591
1636
1619
1636
1633
1640
1655
1670
1675
1740
1813
1910
2020
2114
2144
2120
2004
1835
1733
1623
1439
1275
1190
1120
1062
1072
1038
963
960
869
827
816
1010
1475
2348
3189
3708
3812
3254
2272
1353
747
451
347
351
491
822
1357
2023
2698
3060
2902
2317
1604
991
582
313
199
158
128
142
134
133
119
137
140
133
131
133
138
176
193
186
174
163
157
153
144
128
120
112
101
91
85
90
89
88
89
81
72
68
71
61
62
74
76
75
72
70
66
67
71
68
67
70
72
71
70
71
72
82
78
70
75
92
82
93
92
109
116
101
102
91
87
77
74
77
75
83
80
73
70
68
65
65
70
68
63
55
50
50
44
36
32
35
31
28
28
23
23
21
28
27
29
35
48
66
81
93
113
117
117
135
131
99
74
63
52
38
27
17
13
9
15
9
12
11
7
7
8
6
12
9
7
9
11
11
9
8
10
0
