0
0
1811
5668
2794
2919
2994
2967
3040
3081
3311
3525
4032
4479
6284
6140
4036
3378
3246
3187
3122
3049
3278
3396
3240
2579
2336
2315
2245
2261
2189
2125
2190
2035
2147
2142
2085
2103
2213
2138
1965
1885
1979
2251
2510
2531
2338
2005
1912
1960
2415
2730
2745
2369
1954
1758
1807
1723
1792
1643
1692
1672
1693
1687
1697
1711
1734
1709
1810
1861
1978
2083
2220
2214
2216
2112
1834
1810
1703
1472
1288
1232
1155
1077
1122
1076
981
1003
890
853
842
1053
1539
2484
3381
3907
4043
3377
2238
1254
666
410
341
330
494
827
1475
2133
3003
3291
3056
2281
1538
887
540
258
192
157
126
154
135
140
117
150
143
135
136
140
143
200
200
189
174
166
159
163
140
126
124
107
104
84
92
97
87
98
86
81
69
74
77
53
74
83
76
79
71
73
64
75
75
66
73
76
77
68
78
70
86
83
74
70
100
82
98
91
110
123
104
110
94
94
80
73
84
71
92
82
75
71
71
69
61
83
64
73
52
53
51
46
36
31
42
29
29
30
22
25
21
34
26
33
39
55
76
89
102
126
119
122
153
123
87
66
64
43
34
19
16
8
17
10
13
12
8
8
10
6
13
9
7
11
13
11
9
10
12
11
6
16
10
9
5
9
7
242
