0
0
1750
5633
2903
3020
2989
3056
3050
3055
3272
3500
4053
4382
6305
6356
3963
3342
3355
3150
3054
3032
3275
3459
3081
2615
2318
2302
2172
2312
2313
2199
2054
2135
2240
2129
2116
2063
2238
2071
1958
1842
2000
2318
2488
2664
2320
1927
1889
2005
2488
2756
2648
2360
2002
1749
1757
1769
1740
1728
1677
1648
1764
1770
1696
1654
1761
1833
1798
1782
1855
2037
2239
2304
2116
2066
1788
1755
1609
1463
1368
1188
1126
1108
1090
1114
1010
1001
927
850
861
1104
1599
2361
3341
3932
4016
3312
2139
1225
633
378
309
341
527
836
1447
2249
2823
3197
3074
2324
1669
887
433
267
187
141
155
131
158
170
147
159
140
138
139
140
147
197
202
184
180
164
170
141
121
136
130
101
94
106
111
74
83
75
89
95
76
93
95
69
96
82
82
70
85
72
63
80
65
86
75
73
65
86
77
72
72
84
74
100
80
88
89
103
101
109
118
96
77
92
89
86
83
70
75
90
78
69
82
66
91
70
66
54
62
61
49
56
36
39
27
31
28
20
23
29
22
32
40
40
40
70
66
94
112
103
154
126
136
99
85
82
52
26
31
24
19
9
17
20
18
18
6
14
13
14
10
8
16
10
11
13
10
7
11
15
9
5
7
10
11
3
2
223
