0
0
0
0
0
0
0
0
1393
4801
3233
2897
2896
2938
2949
2972
3132
3395
3809
4452
5538
5702
4419
3412
3202
3084
2973
2972
3131
3251
3002
2586
2285
2221
2113
2222
2233
2133
2002
2057
2139
2076
2041
2029
2096
2022
1899
1840
1954
2188
2393
2459
2254
1955
1855
1993
2338
2591
2542
2292
1967
1723
1696
1708
1684
1671
1625
1600
1687
1702
1648
1619
1687
1748
1744
1738
1805
1955
2117
2172
2089
1959
1799
1681
1571
1438
1322
1183
1101
1074
1058
1069
990
969
906
833
829
1030
1470
2165
3033
3652
3790
3283
2322
1404
775
443
328
342
483
776
1277
1950
2562
2946
2950
2453
1786
1088
554
307
205
151
145
134
144
159
149
148
142
135
134
134
139
167
192
186
175
167
160
150
129
122
128
113
95
95
103
92
74
77
78
87
83
81
88
80
80
85
81
75
74
75
68
67
70
71
77
73
69
68
80
74
70
70
80
73
95
77
84
86
97
98
104
109
94
81
84
87
85
79
72
72
80
78
72
72
73
76
74
64
57
56
58
51
50
41
35
30
27
28
23
21
24
24
27
33
37
38
52
63
75
96
103
118
138
125
120
92
82
72
45
25
29
23
17
9
15
18
18
15
7
11
13
12
11
9
12
12
9
11
10
8
8
0
