0
0
1826
5723
2808
2925
2997
2996
3077
3124
3322
3431
4023
4481
6418
6238
3993
3424
3400
3192
3047
3073
3290
3434
3104
2571
2465
2241
2224
2180
2208
2035
2088
2181
2133
2085
2057
2118
2188
2089
1993
1783
1982
2302
2624
2552
2433
1967
1897
2008
2319
2669
2782
2354
1891
1730
1737
1680
1733
1742
1785
1692
1711
1746
1740
1733
1729
1759
1793
1835
1905
2039
2119
2270
2201
2015
1868
1712
1658
1459
1380
1188
1121
1088
1101
1056
1063
979
865
838
895
1079
1557
2448
3388
3997
3994
3339
2221
1258
681
391
321
355
506
878
1441
2166
2948
3199
3031
2395
1523
929
479
266
188
169
151
150
130
159
137
129
113
137
161
141
149
171
189
163
191
152
149
153
139
112
135
113
96
87
83
72
73
117
88
72
76
79
91
91
100
89
82
100
75
77
73
90
91
80
65
68
83
66
71
68
71
58
73
95
64
87
103
91
115
121
116
115
94
91
74
72
104
75
61
65
78
85
77
76
82
70
80
59
58
61
52
51
29
46
33
33
36
15
28
27
29
36
35
36
53
53
69
87
90
114
128
135
124
119
95
72
59
40
41
30
14
14
22
11
14
9
9
7
9
11
10
12
8
10
4
11
9
4
10
8
3
10
2
5
5
3
10
230
