0
0
0
0
0
0
0
0
1462
4908
3155
2811
2886
2904
2963
3033
3178
3377
3806
4538
5635
5669
4387
3468
3258
3118
2991
3005
3157
3242
2993
2568
2378
2197
2152
2113
2136
1975
2020
2100
2066
2021
2003
2050
2088
2023
1906
1813
1945
2229
2448
2458
2271
1992
1876
1988
2256
2540
2591
2265
1869
1694
1675
1634
1674
1686
1726
1640
1656
1686
1685
1679
1678
1702
1736
1782
1859
1963
2068
2147
2101
1957
1804
1679
1570
1437
1311
1174
1092
1061
1055
1029
1019
945
844
815
866
1043
1508
2352
3228
3790
3789
3194
2215
1321
735
434
335
363
523
863
1386
2052
2687
2995
2864
2337
1605
982
545
298
198
166
150
146
129
148
137
126
112
127
149
141
142
159
176
166
173
160
146
145
137
121
119
116
99
88
81
74
73
92
96
76
71
74
83
88
92
90
83
89
82
74
72
79
86
82
70
64
72
72
66
66
67
63
60
77
82
69
89
97
94
112
116
112
105
90
85
72
78
90
71
61
65
75
79
76
74
74
72
69
61
57
56
52
45
36
37
34
31
31
20
24
27
27
32
34
33
47
50
62
79
85
103
119
127
124
117
100
78
62
47
38
33
21
13
16
17
10
12
8
8
6
8
10
9
10
7
8
5
9
8
5
8
0
