0
0
1772
5574
2761
3018
2949
2935
3082
3256
3359
3460
4054
4320
6365
6165
4003
3475
3416
3108
3097
3096
3339
3476
3130
2561
2425
2242
2385
2219
2117
2006
2144
2107
2191
2023
2013
2078
2235
2046
1977
1897
2006
2295
2498
2490
2375
1974
1791
1973
2296
2739
2720
2387
1979
1745
1714
1786
1704
1721
1655
1711
1695
1742
1799
1664
1710
1787
1831
1914
1945
2155
2188
2341
2297
1970
1804
1790
1648
1482
1381
1263
1124
1051
1093
1072
1036
953
938
881
892
1099
1605
2431
3332
4012
4020
3292
2193
1238
716
376
296
340
472
794
1473
2187
2950
3362
3044
2311
1590
850
496
266
180
160
130
149
162
151
139
141
118
130
140
143
162
173
184
198
187
185
150
136
136
126
119
114
86
103
93
91
89
80
78
91
87
83
97
98
102
76
85
75
87
72
75
75
73
67
64
65
72
68
72
77
77
60
69
69
74
77
88
101
103
98
92
103
85
76
88
77
78
71
79
78
85
70
92
73
85
84
74
56
71
49
53
50
40
38
30
31
31
27
28
16
30
30
33
43
63
50
69
85
111
100
123
146
95
123
96
73
51
53
26
18
28
22
10
21
8
13
14
4
13
9
11
9
4
7
10
8
7
3
8
7
11
4
6
6
5
5
5
222
