0
0
0
0
0
0
0
0
1418
4777
3104
2878
2865
2851
2963
3119
3235
3404
3800
4448
5542
5625
4390
3499
3264
3089
3000
3036
3195
3281
3020
2562
2349
2202
2285
2156
2053
1945
2063
2046
2095
1980
1958
2021
2099
2005
1912
1876
1977
2195
2365
2384
2234
1962
1814
1937
2243
2561
2577
2298
1939
1713
1669
1717
1652
1663
1603
1652
1644
1685
1717
1635
1658
1722
1777
1840
1919
2044
2143
2218
2157
1946
1782
1704
1592
1451
1335
1221
1102
1036
1047
1037
1000
930
907
855
861
1054
1534
2309
3152
3773
3805
3190
2225
1340
765
439
316
339
476
800
1356
2041
2700
3079
2921
2338
1637
978
548
307
194
158
132
140
153
149
138
136
120
121
131
137
150
163
175
185
185
176
157
138
131
125
118
111
97
90
94
89
87
82
77
82
86
83
87
92
95
84
79
76
79
75
72
71
72
68
64
62
64
67
67
70
73
69
59
66
67
71
76
87
97
99
93
91
95
81
76
81
76
73
71
74
77
77
76
80
78
79
79
69
61
59
53
49
47
41
36
31
29
29
27
26
18
26
29
29
38
55
51
60
76
98
100
110
132
112
107
104
81
60
49
39
22
20
25
17
12
17
7
12
10
5
11
8
10
8
4
5
8
8
6
3
5
0
