0
0
1831
5566
2807
3056
3097
3008
2998
3226
3259
3473
3975
4342
6389
6208
4061
3414
3354
3211
3040
3055
3407
3432
3175
2469
2338
2280
2268
2251
2206
1980
2162
2193
2105
2078
2026
2042
2167
2083
1967
1876
1898
2184
2534
2695
2385
1906
1781
1937
2460
2636
2767
2364
1996
1783
1733
1843
1765
1683
1595
1645
1681
1716
1690
1732
1728
1742
1807
1877
1921
2118
2326
2332
2185
2001
1858
1779
1618
1546
1352
1313
1129
1102
1153
1068
1048
983
900
863
891
1101
1555
2346
3333
4126
4041
3204
2161
1235
645
377
310
320
465
848
1414
2219
2874
3229
2981
2427
1640
900
509
263
180
166
141
160
160
141
155
136
138
133
132
162
142
156
200
181
185
152
153
140
140
134
126
102
105
87
110
95
90
82
67
94
87
91
77
89
94
105
86
76
81
78
76
82
68
73
76
89
81
86
70
71
76
74
66
67
87
92
90
89
106
109
78
121
99
78
74
82
89
86
81
81
92
80
76
91
71
84
63
73
71
55
59
39
41
38
34
29
25
22
26
23
25
28
25
46
48
51
64
100
90
106
133
126
143
96
57
72
64
41
35
28
26
17
13
16
5
6
11
10
7
9
7
11
16
7
8
6
15
10
11
8
7
9
7
4
4
10
1
260
