0
0
0
0
0
0
0
0
1464
4764
3137
2914
2983
2926
2919
3066
3168
3370
3759
4431
5556
5668
4427
3474
3233
3113
2987
3006
3213
3278
3034
2500
2276
2212
2194
2178
2136
1929
2074
2112
2046
2009
1970
1988
2055
2012
1912
1840
1888
2113
2394
2499
2282
1933
1783
1938
2298
2535
2589
2303
1959
1746
1688
1771
1710
1630
1547
1586
1622
1652
1642
1666
1672
1691
1744
1806
1885
2040
2196
2223
2113
1954
1818
1709
1591
1478
1346
1251
1125
1076
1098
1045
1014
957
878
838
857
1044
1463
2189
3093
3818
3840
3181
2242
1368
754
435
322
328
463
785
1305
1978
2614
2975
2893
2432
1753
1055
586
317
195
165
143
149
153
142
145
136
133
131
129
146
145
147
174
183
175
161
146
142
135
133
124
111
98
94
93
99
90
84
72
76
87
86
81
80
87
94
91
80
76
76
75
75
73
68
70
77
82
80
79
68
68
73
70
63
67
84
88
87
88
101
99
85
108
94
77
73
78
83
83
80
80
84
80
77
80
77
73
68
66
67
59
54
43
38
37
34
30
26
23
23
24
23
25
26
36
44
47
56
81
89
94
115
124
128
117
77
59
67
54
38
32
27
23
16
12
14
4
5
9
10
7
7
7
10
12
9
6
7
10
11
9
0
