0
0
0
0
0
0
0
0
1481
4730
3165
2934
2918
2969
2950
3075
3245
3509
3927
4536
5554
5617
4381
3476
3222
3075
2989
2999
3157
3256
3005
2525
2249
2205
2186
2141
2255
2101
2020
1982
2073
2034
1971
1971
2039
2021
1896
1840
1920
2202
2441
2439
2190
1901
1827
1949
2258
2584
2591
2310
1937
1697
1748
1732
1717
1690
1618
1569
1603
1590
1654
1667
1712
1768
1810
1836
1898
1989
2116
2163
2077
1917
1795
1698
1573
1442
1301
1184
1132
1084
1069
1068
1015
964
863
833
831
1042
1527
2353
3227
3821
3883
3049
2143
1280
700
401
308
351
524
850
1415
2105
2730
3061
2882
2300
1625
982
522
294
186
164
135
139
151
136
124
132
119
133
121
141
156
170
172
172
185
166
148
143
140
126
113
103
96
90
84
80
74
71
71
82
89
89
80
80
82
83
86
79
74
68
68
62
65
64
69
66
60
61
69
70
67
63
71
79
81
91
86
84
94
96
100
102
78
85
95
91
86
76
78
80
74
64
70
73
73
76
68
64
68
63
50
40
38
45
43
34
27
26
29
30
27
29
30
32
38
38
42
56
82
98
115
127
121
112
111
90
88
68
44
36
28
24
20
14
10
8
8
4
8
7
8
9
9
8
6
9
11
8
11
13
8
0
