0
0
1849
5494
2860
3063
2998
3090
3012
3206
3357
3606
4163
4439
6248
6243
3971
3490
3309
3145
3072
3045
3288
3453
3133
2537
2284
2277
2259
2201
2337
2168
2083
2036
2157
2103
2026
2015
2125
2132
1919
1900
1879
2290
2594
2579
2331
1848
1879
1940
2284
2759
2744
2422
2001
1698
1822
1787
1774
1749
1674
1619
1658
1632
1715
1714
1764
1824
1879
1877
1965
2013
2213
2262
2191
1965
1843
1784
1623
1503
1355
1195
1184
1108
1098
1118
1045
1010
885
860
846
1056
1546
2394
3328
3978
4161
3156
2242
1266
678
366
300
318
540
777
1452
2191
2897
3321
3088
2329
1674
926
468
281
166
180
129
147
159
138
127
140
121
141
122
150
165
179
177
178
201
162
149
147
149
121
118
99
105
83
94
72
85
62
81
88
96
89
79
86
83
89
89
78
74
68
73
58
74
63
79
62
60
68
77
70
68
64
85
77
95
92
81
98
100
97
121
80
83
100
94
94
78
82
84
82
64
69
83
67
87
70
64
72
75
48
44
32
53
48
33
26
27
31
33
26
31
30
35
41
39
45
60
88
105
121
135
122
113
116
86
94
62
38
37
24
26
16
13
8
12
4
9
8
9
10
10
9
6
10
13
9
11
16
8
11
11
6
4
9
7
13
5
264
