0
0
0
0
0
0
0
0
1487
4743
3129
2880
2899
2990
2991
3034
3177
3402
3813
4439
5466
5609
4415
3456
3222
3147
3062
2980
3132
3272
2962
2513
2316
2181
2257
2120
2117
2002
2075
2077
2041
1994
2012
2028
2083
2054
1944
1863
1946
2170
2410
2464
2283
2028
1905
1965
2237
2516
2573
2283
1974
1735
1653
1670
1723
1744
1661
1570
1675
1648
1654
1621
1655
1680
1735
1783
1852
1964
2128
2195
2108
1977
1847
1719
1614
1473
1334
1231
1147
1084
1100
1022
998
975
898
826
843
959
1445
2178
3103
3784
3741
3133
2278
1418
800
469
338
353
482
752
1226
1867
2546
3027
2980
2491
1760
1043
593
325
205
161
151
126
126
125
131
139
135
133
126
120
144
165
179
199
202
180
152
137
130
123
113
106
104
108
87
84
79
86
87
86
86
85
84
86
82
78
77
79
79
81
86
75
69
72
72
75
67
69
76
71
73
71
78
66
72
64
75
80
99
107
118
119
104
95
86
83
78
84
88
85
80
70
69
72
70
65
59
61
61
60
54
48
42
42
36
28
27
27
28
25
21
20
29
33
34
39
48
64
76
91
108
112
127
117
104
105
88
60
45
34
33
24
16
16
13
8
13
11
10
10
9
10
10
8
7
9
10
12
11
10
9
0
