0
0
1868
5537
2793
3021
2990
3129
3079
3137
3317
3487
4070
4375
6236
6178
4029
3402
3327
3241
3189
2980
3290
3499
3023
2517
2387
2231
2352
2178
2194
2062
2160
2150
2111
2047
2096
2079
2193
2132
2007
1858
2013
2233
2597
2593
2377
2014
1952
1973
2355
2662
2731
2321
2016
1766
1703
1732
1789
1808
1711
1605
1762
1691
1729
1651
1736
1719
1824
1828
1939
1995
2285
2304
2166
2030
1903
1743
1683
1492
1359
1259
1173
1104
1154
1039
1031
1005
916
842
880
1014
1594
2389
3430
4132
3868
3109
2162
1217
676
397
309
370
514
815
1406
2111
2872
3334
3021
2425
1559
859
501
259
188
156
157
117
137
126
143
147
135
139
123
128
169
173
198
218
204
168
146
136
135
117
117
96
128
90
95
77
91
90
91
89
88
91
83
97
72
88
73
92
72
100
80
66
79
69
83
69
71
82
73
77
74
82
69
75
65
79
81
105
110
127
128
102
101
84
92
72
95
90
87
86
60
82
67
82
59
65
63
65
62
53
48
41
46
33
26
30
26
33
21
22
23
38
34
37
48
56
82
79
119
104
137
126
108
111
101
66
48
36
35
26
17
16
13
8
15
11
12
10
11
10
12
6
10
10
13
12
11
11
7
10
8
8
8
9
7
9
12
240
