0
0
1864
5474
2873
2958
3007
2994
3114
3090
3228
3554
3958
4405
6403
6115
3973
3439
3395
3154
3128
3097
3347
3465
3252
2521
2417
2203
2197
2235
2167
2086
2083
2143
2249
2080
2016
2144
2163
2066
1948
1820
1980
2225
2530
2654
2358
1906
1845
1904
2348
2677
2724
2301
2046
1673
1700
1732
1723
1720
1670
1766
1708
1684
1801
1730
1770
1867
1787
1840
1987
2030
2175
2305
2255
1970
1841
1665
1631
1577
1367
1293
1143
1076
1131
1086
1072
985
915
835
848
1076
1543
2489
3348
3965
3968
3304
2256
1259
619
381
313
346
468
916
1481
2134
2909
3265
3091
2382
1623
852
462
280
191
149
163
136
131
132
152
136
139
153
139
147
151
181
189
198
194
174
149
141
111
113
103
89
85
95
81
73
112
88
93
90
80
89
99
96
92
84
71
80
69
62
72
76
80
63
75
56
77
83
67
62
73
64
75
89
81
82
79
107
117
122
118
96
81
92
81
96
76
89
105
94
85
97
89
81
77
80
64
72
80
44
53
41
55
40
44
32
26
33
45
33
23
44
17
35
39
55
72
73
106
128
145
140
121
122
85
70
58
45
27
15
21
14
20
17
10
14
9
13
10
10
5
9
11
11
11
11
9
12
7
7
7
14
8
11
7
5
5
226
