0
0
0
0
0
0
0
0
1492
4711
3179
2848
2899
2906
2983
3010
3127
3409
3788
4471
5576
5605
4354
3469
3252
3112
3028
3046
3198
3294
3089
2556
2335
2159
2128
2158
2100
2022
2017
2073
2148
2030
1977
2053
2072
1997
1885
1823
1931
2162
2402
2470
2249
1935
1812
1922
2246
2535
2553
2254
1962
1665
1644
1672
1668
1665
1617
1701
1655
1643
1720
1689
1720
1775
1754
1798
1899
1985
2099
2187
2128
1945
1772
1645
1575
1495
1354
1239
1124
1061
1079
1056
1032
958
888
812
818
1031
1481
2350
3169
3737
3763
3195
2268
1352
717
419
327
346
498
860
1385
2009
2646
3025
2929
2394
1676
984
529
309
203
153
154
137
128
127
142
135
134
144
139
139
144
165
179
187
188
175
154
137
120
107
103
92
85
85
85
77
89
96
86
88
82
81
90
94
91
86
75
73
71
63
64
69
74
69
67
63
62
75
74
63
62
67
64
75
85
78
79
83
105
113
118
110
90
81
86
82
86
79
88
96
91
86
89
86
80
76
72
67
68
67
53
46
45
46
42
39
33
27
30
40
34
24
37
22
29
35
48
63
68
91
115
133
136
125
117
98
75
62
50
35
22
16
18
14
19
14
9
12
8
12
9
8
4
7
9
10
10
10
9
10
8
0
