0
0
1828
5633
2892
3099
3083
3033
3136
3056
3371
3537
4082
4404
6259
6256
4057
3275
3327
3089
3045
3094
3333
3505
3222
2555
2355
2304
2266
2188
2206
2041
2162
2240
2138
2117
2032
2041
2134
2089
2042
1821
1954
2236
2535
2585
2308
1985
1824
1969
2373
2681
2760
2313
1940
1742
1668
1702
1702
1726
1703
1685
1706
1743
1715
1734
1723
1769
1811
1900
1951
2081
2226
2313
2365
2050
1748
1783
1657
1487
1359
1235
1183
1129
1095
1126
1067
986
963
846
885
1058
1541
2380
3339
4120
3841
3235
2205
1215
635
367
286
360
476
852
1443
2162
2800
3205
2978
2308
1605
894
518
268
180
141
142
134
142
135
146
145
129
123
141
142
163
189
191
205
197
155
167
115
131
139
107
82
106
106
106
81
91
87
87
93
76
97
76
85
84
96
90
76
78
80
71
66
59
86
82
66
67
82
89
75
90
58
74
67
89
92
96
97
121
119
99
91
104
107
83
82
74
97
91
81
71
74
85
85
56
68
72
67
57
47
55
37
34
38
32
40
25
29
34
20
27
20
36
45
46
56
81
94
113
112
120
130
140
113
103
71
65
42
34
24
17
11
14
10
8
10
9
10
10
9
13
6
10
14
8
12
9
11
9
12
13
3
9
3
8
6
3
233
