0
0
0
0
0
0
0
0
1463
4819
3218
2964
2985
2950
3004
3008
3201
3454
3847
4480
5528
5649
4406
3399
3159
3044
2966
3021
3194
3311
3085
2567
2305
2233
2193
2122
2132
1982
2084
2153
2079
2041
1981
1985
2038
2022
1942
1840
1919
2160
2390
2426
2226
1960
1832
1956
2271
2547
2580
2253
1902
1700
1623
1643
1646
1668
1648
1631
1650
1679
1664
1673
1675
1709
1759
1827
1902
2013
2137
2226
2204
1993
1772
1690
1597
1452
1320
1212
1146
1097
1068
1078
1034
961
931
825
853
1013
1468
2251
3144
3828
3702
3128
2228
1330
720
413
311
346
491
816
1344
1983
2582
2943
2848
2329
1663
1019
577
316
193
145
136
132
134
132
138
140
128
121
130
136
151
174
183
192
191
167
152
135
119
128
115
93
91
102
101
90
83
87
84
86
81
83
82
78
81
87
89
81
75
75
73
67
61
69
79
73
64
69
80
81
78
77
59
70
69
86
88
92
98
117
112
95
90
99
97
83
78
78
88
87
78
71
72
79
75
63
62
66
64
56
50
47
40
34
34
33
34
28
26
31
22
23
21
29
39
42
50
69
85
101
108
112
120
129
120
104
85
66
53
37
29
21
15
10
13
9
7
9
8
9
9
8
10
6
9
11
8
10
9
9
9
0
