0
0
1765
5559
2829
3161
3035
3085
2931
3047
3260
3555
4049
4552
6357
6264
4081
3436
3378
3200
3219
2950
3279
3474
3065
2604
2328
2274
2278
2156
2256
2085
2156
2257
2100
2200
2071
2049
2215
2121
1974
1804
1994
2293
2554
2640
2358
1913
1876
2007
2397
2669
2691
2353
1875
1825
1781
1782
1698
1659
1701
1657
1666
1661
1742
1658
1736
1777
1844
1824
1959
2099
2239
2349
2172
1997
1898
1727
1650
1474
1343
1222
1126
1090
1194
1062
1029
970
963
839
891
1037
1632
2346
3486
4052
3982
3208
2141
1207
622
413
301
348
504
841
1352
2153
2891
3153
3007
2405
1629
940
458
240
180
171
138
131
134
125
150
128
138
123
134
143
153
172
185
183
201
176
152
150
117
98
102
103
118
103
76
69
84
77
80
90
87
96
88
76
85
93
84
92
92
73
71
63
86
76
72
86
69
54
78
59
67
58
69
72
99
90
87
87
95
114
113
87
90
84
68
83
78
75
81
95
77
63
75
89
80
76
63
62
67
65
57
41
40
29
35
38
27
27
22
32
19
29
33
36
53
53
72
75
100
130
112
138
126
130
73
68
58
29
44
22
14
14
11
7
10
14
5
9
7
2
13
10
15
9
9
13
7
5
13
6
5
4
5
11
9
6
3
256
