0
0
0
0
0
0
0
0
1411
4748
3154
3002
2959
2963
2877
2940
3133
3426
3855
4557
5610
5690
4458
3496
3250
3146
3062
2973
3121
3259
2988
2572
2290
2206
2198
2093
2174
2026
2081
2161
2059
2096
2023
2010
2092
2045
1911
1823
1942
2197
2421
2470
2254
1950
1848
1985
2284
2529
2546
2268
1878
1766
1727
1720
1645
1606
1641
1606
1609
1614
1662
1628
1669
1720
1764
1793
1889
2023
2152
2206
2109
1956
1826
1698
1581
1444
1309
1194
1105
1073
1124
1045
997
944
933
823
856
990
1518
2214
3201
3797
3785
3164
2224
1340
736
445
333
346
491
786
1266
1932
2593
2944
2878
2423
1739
1069
563
288
190
168
142
129
127
123
137
130
129
123
124
135
144
159
173
177
185
180
158
144
127
104
95
99
105
106
86
70
73
78
75
81
86
88
89
80
78
84
85
85
87
80
71
66
70
77
73
74
75
63
60
68
59
62
58
66
74
94
87
84
85
93
109
105
87
86
79
71
76
76
73
79
85
76
67
71
79
79
72
64
60
62
62
56
44
38
31
31
35
29
26
23
27
22
24
29
32
45
50
61
69
85
111
115
119
126
122
102
68
62
46
31
36
20
13
13
10
6
9
12
4
7
6
4
10
10
13
10
8
10
7
6
8
0
