0
0
1849
5598
2830
2955
3001
3025
3095
3071
3338
3449
4154
4334
6298
6156
4142
3339
3425
3157
3011
3121
3279
3481
3051
2620
2346
2300
2191
2212
2225
2025
2121
2157
2197
2102
2010
2135
2130
2079
1970
1894
1984
2222
2406
2641
2348
1895
1853
2044
2285
2666
2722
2410
2041
1711
1663
1767
1791
1737
1689
1714
1755
1706
1673
1768
1762
1824
1769
1877
1994
1993
2221
2311
2265
2004
1763
1775
1669
1531
1405
1188
1092
1082
1116
1162
1077
971
938
843
850
1116
1615
2386
3322
3939
4088
3185
2216
1162
642
349
290
324
500
825
1488
2206
2942
3175
3080
2368
1574
906
479
279
187
150
144
159
143
136
125
120
163
125
142
125
176
186
200
199
176
154
168
172
130
132
125
96
96
104
94
101
98
68
94
85
87
92
107
87
96
81
95
73
62
95
83
71
74
88
81
79
76
73
73
69
74
84
72
75
79
78
87
108
99
106
93
101
99
89
82
65
86
75
73
71
84
77
83
69
83
65
64
70
63
43
56
53
34
51
34
33
34
39
27
31
25
31
44
34
53
55
80
91
106
118
156
123
148
106
107
76
50
47
33
18
21
19
19
17
14
21
5
12
8
13
7
14
3
13
12
7
8
14
8
8
4
4
5
16
6
5
9
245
