0
0
0
0
0
0
0
0
1479
4794
3161
2837
2893
2923
2974
3003
3172
3403
3849
4464
5499
5628
4435
3473
3238
3100
2969
3015
3163
3261
2981
2581
2306
2223
2129
2137
2149
1968
2043
2083
2110
2038
1976
2039
2053
2002
1916
1867
1945
2128
2331
2432
2244
1932
1840
1981
2229
2512
2573
2330
1988
1690
1619
1701
1729
1681
1636
1657
1689
1653
1633
1692
1714
1742
1741
1812
1900
1974
2109
2201
2147
1954
1768
1692
1614
1490
1350
1180
1075
1052
1077
1109
1046
950
910
823
820
1057
1521
2240
3090
3700
3826
3177
2245
1331
722
414
304
330
481
803
1342
2018
2644
2983
2915
2412
1688
1030
567
318
203
154
142
149
143
134
124
118
145
131
131
126
153
176
187
192
178
159
155
161
144
125
122
107
92
95
96
93
95
80
77
87
83
85
95
93
88
85
86
81
67
75
83
76
70
76
81
79
76
73
71
70
68
73
79
69
72
76
76
87
103
96
99
91
96
94
86
77
69
77
75
71
71
75
77
76
73
72
68
62
64
60
49
50
50
40
43
37
32
31
35
30
28
26
28
38
35
44
51
67
82
95
108
133
134
131
123
102
89
63
47
40
27
17
20
18
18
16
14
17
5
10
8
10
8
10
5
9
11
8
7
10
9
0
