0
0
1813
5637
2717
2978
2966
3040
3026
3152
3281
3648
4035
4320
6192
6307
4013
3443
3370
3223
3020
3107
3356
3507
3126
2469
2365
2236
2252
2208
2173
2132
2094
2177
2135
2138
2052
2120
2144
2185
1880
1868
1923
2269
2621
2631
2331
1936
1898
1994
2351
2670
2796
2453
1930
1674
1682
1776
1823
1677
1661
1738
1748
1706
1677
1726
1763
1778
1847
1883
1998
1990
2247
2238
2221
2043
1898
1752
1622
1480
1402
1169
1157
1146
1055
1024
1056
987
918
821
870
1082
1550
2417
3390
4034
3972
3228
2101
1247
650
396
321
351
542
863
1396
2137
2829
3306
3040
2344
1624
880
480
256
201
163
152
148
145
133
152
166
136
119
145
156
174
174
186
193
169
185
157
137
119
119
110
107
95
82
106
90
82
94
82
103
90
91
79
86
75
89
76
74
91
83
82
82
72
92
90
72
71
78
67
51
62
81
64
66
77
65
86
100
127
111
107
91
102
95
103
105
89
78
77
70
70
76
82
82
81
75
65
69
56
63
42
48
43
39
27
29
31
33
27
27
19
25
29
39
55
64
82
86
102
120
127
129
117
121
96
85
61
45
35
18
16
17
19
13
12
8
7
10
12
10
9
8
5
7
9
16
8
11
10
3
8
6
8
10
4
5
7
242
