0
0
0
0
0
0
0
0
1450
4820
3076
2839
2873
2923
2940
3031
3186
3485
3840
4410
5474
5646
4429
3479
3253
3121
2990
3025
3211
3304
3014
2493
2292
2180
2174
2139
2104
2064
2031
2095
2071
2058
2008
2041
2075
2048
1885
1820
1920
2187
2450
2475
2239
1958
1864
1980
2261
2542
2623
2350
1908
1651
1633
1713
1756
1624
1608
1676
1687
1653
1631
1665
1700
1728
1778
1835
1905
1981
2109
2164
2114
1988
1840
1703
1571
1450
1331
1177
1120
1098
1032
998
1011
959
892
800
836
1034
1477
2278
3177
3785
3772
3142
2176
1328
743
440
337
363
523
831
1316
1957
2602
3012
2917
2373
1684
1013
550
300
206
166
150
145
142
132
142
155
139
119
132
147
162
168
175
182
174
171
162
139
123
115
111
105
96
87
89
94
84
84
85
89
94
88
82
80
77
79
79
74
80
83
81
80
75
78
86
80
70
70
71
60
53
64
74
61
65
72
67
86
102
120
107
101
90
96
93
97
97
86
77
74
69
68
72
77
79
78
72
66
62
59
56
47
43
43
37
29
27
28
30
28
26
21
22
26
33
47
57
72
80
92
109
118
122
119
115
105
88
71
53
40
28
17
15
16
17
12
11
7
6
9
11
10
9
8
5
5
8
12
9
9
9
0
