0
0
0
0
0
0
0
0
1418
4716
3182
2858
2863
2921
2976
3079
3245
3445
3838
4528
5580
5581
4327
3414
3207
3115
3012
2978
3169
3295
3067
2583
2279
2216
2200
2129
2063
1985
2086
2158
2145
2033
1935
1994
2072
1981
1866
1820
1934
2197
2435
2451
2245
1952
1849
2018
2317
2578
2563
2292
1942
1725
1697
1726
1704
1631
1584
1664
1643
1684
1679
1670
1669
1725
1740
1782
1855
1974
2155
2242
2132
1957
1784
1681
1610
1503
1361
1207
1110
1062
1080
1049
1017
969
868
846
849
1028
1554
2294
3245
3813
3835
3113
2109
1252
678
380
298
350
531
876
1433
2122
2707
2987
2831
2294
1613
979
541
295
195
160
154
140
132
136
140
122
128
130
131
141
140
156
178
189
183
170
149
127
126
115
104
104
106
101
90
97
97
87
83
78
86
86
83
82
79
79
76
73
69
73
77
78
71
67
67
71
79
74
68
62
58
60
67
81
77
69
78
82
96
112
120
109
92
95
85
72
81
84
81
84
83
72
61
67
73
73
72
65
61
62
58
48
44
38
28
26
31
28
28
27
24
22
25
31
30
35
47
62
69
96
111
144
128
122
108
90
82
66
50
29
23
20
19
17
11
8
9
11
7
4
6
11
8
8
12
11
9
9
8
7
8
0
