0
0
1771
5493
2881
2966
2952
3031
3074
3185
3386
3514
4040
4463
6344
6109
3999
3335
3351
3179
3128
2968
3334
3482
3206
2599
2312
2286
2276
2196
2129
2049
2159
2235
2225
2100
1969
2049
2195
2040
1922
1831
1960
2239
2615
2557
2401
1943
1828
2055
2363
2741
2707
2400
1993
1755
1745
1789
1766
1687
1632
1720
1693
1742
1733
1727
1704
1798
1786
1833
1905
2007
2214
2423
2182
2066
1807
1731
1688
1558
1431
1224
1151
1068
1138
1079
1054
1014
888
873
868
1045
1583
2331
3366
3983
4076
3270
2161
1240
649
340
288
334
517
856
1435
2258
2878
3216
3020
2356
1633
918
507
262
189
160
163
141
135
143
146
123
135
137
135
148
144
166
189
199
187
175
150
119
144
104
113
102
120
96
85
119
87
96
79
82
95
85
87
83
81
84
75
74
69
81
82
79
69
68
73
76
87
69
71
56
63
60
82
88
67
81
81
92
112
126
121
94
100
95
73
82
90
82
88
88
82
60
66
81
71
82
67
60
66
69
43
50
42
28
22
39
26
30
27
24
21
27
34
30
37
51
67
74
105
118
156
127
124
108
87
83
62
48
18
28
15
25
12
10
7
15
9
5
5
12
9
8
13
12
10
10
9
8
7
12
9
9
9
9
7
6
6
250
