0
0
1810
5545
2854
3071
3030
3027
3022
3187
3297
3708
4041
4387
6374
6257
4036
3454
3448
3263
3065
3016
3265
3527
3014
2526
2277
2239
2205
2198
2215
2125
2087
2218
2222
2065
2034
2110
2141
2082
2003
1841
2005
2220
2565
2662
2328
1975
1871
2161
2287
2651
2831
2499
1993
1748
1684
1698
1782
1701
1736
1735
1792
1643
1698
1694
1752
1756
1825
1890
1967
2002
2268
2367
2073
1968
1784
1648
1708
1430
1328
1196
1146
1083
1076
994
1116
962
901
845
877
1067
1551
2387
3383
3909
3966
3245
2293
1255
663
353
306
340
501
853
1342
2224
2907
3231
3063
2317
1586
894
522
273
180
154
153
137
160
111
132
140
134
139
137
122
148
162
203
199
174
159
172
126
137
108
103
107
79
105
105
69
90
107
81
72
84
89
85
91
88
94
85
75
74
77
90
84
65
59
70
89
76
57
59
68
66
76
71
62
82
102
90
102
108
127
128
94
96
99
85
78
66
74
93
83
94
75
87
93
80
76
65
83
49
52
47
50
31
41
41
31
24
25
24
24
21
23
35
35
49
46
67
79
104
123
116
120
135
117
91
64
64
36
27
25
16
14
17
21
11
8
13
9
12
8
9
14
10
3
9
13
12
11
15
5
9
7
5
5
4
7
8
216
