0
0
0
0
0
0
0
0
1448
4762
3166
2937
2941
2930
2940
3057
3214
3528
3875
4486
5589
5675
4419
3504
3304
3170
3009
2974
3146
3278
2948
2500
2238
2170
2138
2128
2142
2059
2026
2135
2136
2015
1983
2033
2056
2011
1921
1852
1951
2178
2425
2475
2245
1967
1900
2058
2266
2534
2644
2381
1960
1712
1636
1649
1715
1648
1680
1682
1720
1606
1636
1648
1687
1710
1766
1831
1895
1990
2160
2199
2046
1883
1735
1640
1575
1420
1278
1173
1107
1058
1030
989
1047
941
873
821
849
1031
1503
2303
3212
3722
3744
3133
2239
1330
716
405
313
351
512
830
1344
2048
2689
3007
2873
2312
1612
985
562
311
193
155
148
136
150
115
123
133
131
132
133
121
136
154
184
193
176
159
157
140
125
116
102
98
90
90
98
83
79
94
89
74
75
83
84
85
87
88
86
77
73
72
80
83
71
61
62
76
78
65
57
59
64
67
72
65
66
85
95
90
100
109
122
114
90
92
91
81
73
66
75
85
84
84
78
83
86
79
71
69
67
55
48
47
43
36
36
38
32
25
23
24
23
21
21
31
33
44
46
60
72
93
113
115
114
124
119
97
72
61
46
30
26
20
15
14
17
16
10
8
12
8
10
7
9
12
7
3
8
11
12
11
11
0
