0
0
1855
5549
2789
2966
3009
3049
3178
3123
3288
3570
3999
4428
6222
6225
4013
3383
3311
3198
3067
2984
3358
3473
3149
2654
2337
2336
2217
2210
2182
2165
2111
2129
2205
2241
2068
2016
2137
2143
1964
1835
1965
2313
2613
2582
2236
1894
1871
2017
2403
2680
2686
2438
1959
1810
1773
1668
1785
1638
1672
1585
1714
1698
1756
1679
1688
1832
1741
1807
1911
2080
2293
2280
2235
1964
1837
1820
1598
1509
1353
1221
1165
1068
1054
1112
1113
1029
972
837
860
1132
1593
2299
3366
4034
4160
3178
2203
1238
676
376
288
348
509
829
1336
2223
2903
3153
3041
2442
1601
837
487
258
210
121
159
157
160
154
143
133
128
138
138
126
185
157
185
219
175
186
158
115
127
106
93
114
104
87
99
85
87
91
99
93
101
80
82
82
85
88
87
84
75
79
79
80
73
90
88
70
97
59
83
80
67
60
85
74
93
87
92
80
118
101
116
97
98
96
77
76
88
78
81
79
76
81
76
58
76
64
64
72
70
54
50
45
38
28
32
22
29
32
28
28
31
34
32
45
53
61
76
72
111
130
113
113
114
134
112
67
51
37
29
25
19
10
19
11
11
14
9
15
10
7
9
6
13
16
7
9
12
9
13
4
9
9
4
4
2
4
5
244
