0
0
0
0
0
0
0
0
1484
4755
3121
2839
2902
2947
3039
3050
3171
3436
3814
4459
5504
5616
4400
3438
3202
3100
2986
2968
3175
3287
3047
2621
2309
2252
2156
2138
2112
2094
2046
2060
2124
2142
2023
1977
2041
2038
1915
1831
1941
2215
2445
2429
2173
1910
1844
1993
2294
2537
2556
2331
1946
1765
1710
1626
1718
1588
1614
1544
1644
1650
1681
1638
1651
1728
1714
1751
1857
2014
2161
2199
2115
1941
1805
1719
1582
1452
1321
1200
1125
1049
1027
1066
1072
1003
945
820
828
1072
1506
2175
3122
3783
3891
3184
2242
1369
763
436
315
344
495
785
1276
1976
2630
2954
2895
2440
1712
995
550
307
213
138
144
152
152
150
142
131
126
129
132
125
158
162
169
196
187
173
162
131
115
112
98
99
105
93
88
89
82
85
91
92
92
87
79
78
80
82
84
83
77
75
75
76
75
78
85
79
77
78
66
78
74
63
63
80
75
89
84
87
84
111
100
108
95
93
89
77
76
81
78
77
77
75
75
71
64
65
65
62
66
65
56
49
44
38
30
28
24
26
29
29
28
28
30
31
38
47
56
66
70
91
115
117
110
109
119
119
88
58
44
33
27
23
16
11
16
10
10
12
9
14
10
7
7
7
11
13
9
8
10
9
9
0
