0
0
1733
5660
2778
3127
2988
2965
3070
3213
3305
3602
4098
4434
6369
6269
4081
3308
3393
3166
3010
3030
3158
3456
3052
2598
2319
2307
2309
2197
2176
2069
2206
2147
2148
2083
2109
2056
2180
2061
2039
1811
1946
2368
2533
2626
2318
1923
1883
2058
2349
2676
2705
2368
1960
1730
1751
1743
1696
1696
1594
1698
1658
1691
1673
1796
1725
1800
1865
1848
1935
2068
2185
2371
2239
1993
1811
1660
1684
1481
1363
1260
1146
1086
1094
1001
1090
999
886
805
865
1053
1605
2396
3298
4134
4090
3341
2256
1316
644
364
283
325
445
831
1430
2175
2841
3219
3074
2389
1567
890
506
289
175
148
135
143
150
140
132
138
155
150
130
156
171
180
205
200
163
160
174
132
134
115
111
118
108
91
90
73
112
91
81
84
75
82
82
92
72
84
70
88
75
87
86
86
78
74
74
75
62
77
66
74
63
69
66
81
74
70
94
81
111
110
124
118
103
72
90
79
82
62
80
89
77
72
74
56
76
73
86
73
57
61
48
49
37
40
32
34
24
26
20
32
29
30
35
40
42
52
56
89
102
126
136
128
132
115
103
72
57
50
31
24
22
14
16
12
16
12
17
6
10
13
8
8
9
8
7
10
10
5
7
17
6
4
7
6
5
8
6
217
