0
0
0
0
0
0
0
0
1387
4845
3123
2974
2918
2882
2961
3087
3214
3483
3889
4534
5614
5684
4407
3432
3218
3095
2957
2952
3080
3218
2966
2557
2286
2236
2228
2134
2106
2005
2129
2084
2074
2027
2031
2018
2068
2013
1931
1829
1954
2242
2439
2446
2213
1937
1874
2027
2295
2539
2543
2264
1910
1704
1692
1683
1644
1636
1548
1642
1608
1634
1637
1716
1691
1744
1792
1811
1888
2006
2139
2225
2131
1933
1752
1645
1574
1445
1317
1213
1117
1063
1041
996
1031
961
857
788
846
1040
1579
2348
3208
3929
3870
3174
2191
1311
691
390
299
330
487
848
1408
2073
2670
2992
2865
2309
1578
946
537
308
189
147
134
136
143
137
128
131
147
147
129
147
162
173
192
192
167
156
159
141
127
117
109
110
106
94
86
81
90
95
83
79
77
76
79
84
76
76
73
79
77
80
83
84
79
73
72
71
65
67
68
68
67
63
65
69
76
70
76
87
89
107
111
118
108
89
74
84
76
73
66
78
82
74
70
65
62
69
74
77
68
59
55
49
44
39
36
32
30
25
23
23
28
29
28
32
37
39
48
53
82
96
118
128
126
125
115
102
78
60
50
36
26
22
17
14
14
12
14
12
12
6
9
10
7
7
8
7
6
9
8
4
8
0
