0
0
1768
5564
2803
2984
3026
2933
3061
3203
3230
3480
4027
4461
6305
6132
4054
3430
3382
3212
3070
3046
3311
3333
3103
2460
2448
2254
2231
2259
2207
2128
2103
2095
2116
2133
2083
2150
2362
2089
1925
1876
1921
2225
2567
2556
2258
1917
1855
2058
2341
2705
2730
2355
1912
1750
1765
1753
1815
1640
1716
1664
1778
1575
1723
1756
1767
1798
1843
1900
1973
2023
2193
2311
2229
2034
1836
1687
1701
1542
1333
1169
1203
1154
1072
1040
1041
995
907
871
874
1049
1579
2384
3367
4025
3985
3271
2269
1279
649
378
326
335
507
852
1535
2258
2884
3243
3084
2402
1620
910
484
265
177
141
137
153
160
113
158
141
133
118
144
147
136
178
189
190
198
183
140
144
119
124
109
109
89
98
87
81
97
84
82
90
73
74
78
81
81
72
90
79
82
76
75
84
82
94
77
65
79
82
63
72
74
73
55
73
76
87
97
92
115
98
140
113
83
75
70
81
66
79
92
75
79
81
81
84
89
66
69
66
62
47
47
49
37
30
43
34
25
23
34
24
14
34
36
40
46
63
67
87
101
119
130
129
124
129
100
72
62
31
41
36
21
14
10
12
13
11
8
6
18
8
15
9
9
6
13
6
3
11
6
10
6
10
5
9
10
6
1
227
