0
0
0
0
0
0
0
0
1415
4769
3135
2857
2916
2864
2944
3067
3149
3378
3814
4503
5546
5600
4397
3486
3254
3128
3003
2997
3144
3186
2962
2493
2353
2204
2162
2182
2138
2062
2036
2028
2045
2055
2032
2100
2197
2048
1889
1834
1913
2156
2398
2408
2178
1920
1852
2006
2278
2550
2571
2270
1890
1714
1704
1700
1745
1589
1658
1617
1696
1557
1652
1695
1711
1740
1784
1839
1902
1982
2107
2188
2132
1970
1790
1670
1609
1485
1304
1171
1149
1113
1047
1011
1004
962
883
844
843
1007
1504
2267
3170
3783
3783
3182
2276
1375
740
428
331
351
502
848
1414
2079
2665
3005
2924
2404
1690
1022
557
303
190
144
133
144
151
119
144
140
131
118
132
141
135
159
178
182
187
179
153
135
126
117
113
104
96
89
89
82
85
87
81
83
78
70
72
75
77
74
79
81
79
76
74
76
79
85
83
70
68
76
72
64
68
71
65
57
70
76
86
93
93
108
103
130
103
80
72
70
73
68
77
82
76
75
77
78
80
79
69
64
64
58
50
45
45
38
32
36
34
26
24
29
26
16
27
32
36
42
56
62
77
92
108
120
124
122
121
110
83
64
46
33
38
28
18
12
9
11
12
10
7
8
15
8
12
9
8
7
10
6
4
8
7
0
