0
0
0
0
0
0
0
0
1516
4747
3083
2826
2872
2914
2845
2939
3160
3437
3858
4487
5526
5664
4425
3422
3202
3154
3026
2935
3150
3302
3068
2577
2383
2238
2202
2117
2178
2046
2042
2033
2045
2019
1981
2051
2106
2068
1928
1875
1963
2145
2397
2485
2285
1986
1830
1876
2173
2516
2585
2376
1995
1769
1721
1653
1677
1679
1647
1650
1661
1659
1644
1693
1677
1660
1724
1823
1888
1966
2084
2178
2141
1953
1782
1691
1612
1494
1365
1229
1111
1073
1027
1033
1015
1026
893
833
842
970
1341
2081
3024
3693
3807
3301
2470
1603
895
512
349
319
418
678
1172
1868
2535
2907
2944
2512
1788
1114
629
364
234
165
147
132
127
138
131
127
131
129
130
141
149
153
167
187
188
176
160
139
132
110
114
112
96
87
78
83
82
85
92
89
82
80
79
82
87
89
86
85
84
75
71
70
71
72
76
62
72
81
69
67
66
74
66
65
77
83
79
78
80
100
109
104
96
90
88
84
76
76
74
61
62
74
77
74
78
81
77
71
62
55
56
55
54
43
41
39
33
30
27
26
22
19
21
26
32
34
52
66
78
90
107
108
132
121
120
92
80
66
51
40
31
22
19
14
11
10
12
12
8
7
8
8
8
11
8
11
8
5
5
8
9
0
