0
0
1907
5557
2723
2973
2975
3044
2898
3062
3318
3549
4131
4424
6372
6191
4030
3329
3323
3282
3116
2926
3361
3489
3164
2557
2459
2296
2279
2182
2267
2100
2119
2102
2129
2091
2019
2156
2198
2181
1923
1921
2047
2191
2603
2636
2351
1961
1865
1895
2309
2700
2701
2437
1999
1805
1780
1702
1745
1739
1700
1713
1725
1721
1685
1794
1715
1705
1796
1934
1941
2058
2182
2317
2231
1948
1809
1738
1661
1515
1387
1238
1122
1109
1049
1079
1044
1070
878
856
880
1052
1511
2407
3481
4036
3995
3165
2297
1295
698
417
316
316
482
782
1464
2242
2914
3091
3037
2299
1529
868
469
289
196
145
154
124
135
153
121
140
134
131
142
154
158
163
192
199
187
176
145
146
114
118
123
100
96
77
88
84
86
97
100
80
85
80
83
94
92
92
85
93
75
73
73
75
73
84
60
77
86
71
69
68
78
67
69
83
89
79
82
78
116
113
106
97
90
95
84
70
90
67
58
70
86
75
80
83
85
74
72
56
60
56
55
55
34
50
34
32
30
25
27
16
22
25
38
30
52
68
81
91
112
109
139
125
126
96
82
68
51
40
31
20
20
12
11
10
15
11
7
9
10
6
13
8
12
11
6
5
9
10
8
5
10
8
7
3
6
9
8
236
