0
0
1799
5616
2833
3007
3025
2986
3024
3136
3326
3370
4123
4289
6292
6318
3836
3356
3392
3263
3122
3063
3207
3370
3194
2603
2329
2309
2302
2245
2169
2141
2117
2130
2112
2050
2053
2064
2130
2072
1967
1849
2000
2260
2575
2537
2361
1853
1848
2073
2310
2833
2711
2406
1863
1805
1683
1781
1790
1797
1712
1625
1690
1686
1728
1664
1770
1795
1781
1896
1926
2059
2290
2479
2242
2035
1791
1682
1697
1496
1384
1229
1117
1086
1074
1082
1030
917
937
856
861
1073
1599
2408
3300
4124
4020
3207
2231
1251
689
371
309
363
495
891
1412
2235
2872
3227
3036
2412
1597
874
465
314
173
163
151
118
130
169
156
130
134
142
144
154
151
174
181
209
184
183
166
130
137
125
108
99
122
92
98
92
87
81
100
93
84
78
95
84
84
80
92
71
79
85
82
68
70
76
68
83
67
80
76
58
71
87
75
87
68
97
93
93
87
116
95
111
98
88
76
78
69
67
66
84
72
81
80
68
79
69
73
58
64
49
52
50
36
26
26
35
42
31
28
28
29
31
33
38
53
63
64
73
107
111
134
132
124
127
117
77
61
41
27
23
20
15
11
13
8
13
15
13
8
5
12
6
13
12
11
11
12
16
8
8
8
7
2
3
3
7
2
261
