0
0
0
0
0
0
0
0
1441
4821
3161
2885
2925
2901
2929
3031
3179
3361
3820
4455
5549
5637
4303
3388
3251
3167
3048
3007
3101
3200
3038
2585
2294
2239
2227
2175
2103
2074
2051
2061
2042
1993
1988
2007
2042
1996
1900
1847
1966
2211
2417
2422
2195
1901
1846
2020
2316
2623
2579
2265
1864
1734
1655
1719
1732
1733
1653
1577
1635
1637
1662
1633
1706
1732
1750
1824
1891
2027
2223
2303
2163
1947
1755
1655
1587
1459
1323
1191
1094
1054
1044
1038
985
901
895
833
847
1063
1583
2371
3223
3926
3798
3057
2130
1261
700
405
322
369
539
894
1440
2120
2712
2997
2846
2306
1584
928
512
312
194
158
145
121
125
158
152
128
127
135
137
147
147
163
175
194
184
176
161
137
129
123
109
101
105
100
91
91
86
83
88
92
84
79
85
85
81
79
85
75
73
79
81
71
67
70
68
74
70
71
74
64
63
76
78
77
76
77
92
90
89
94
105
96
102
91
81
73
73
66
65
69
76
73
76
74
70
71
69
65
60
56
51
48
44
34
27
27
32
35
31
28
27
27
29
30
36
50
59
61
69
99
105
126
127
123
122
115
84
62
44
30
24
21
17
12
11
10
9
12
14
11
7
7
9
7
12
11
10
10
12
12
7
0
