0
0
1766
5676
2791
3032
2994
2962
3027
3122
3279
3455
4172
4306
6347
6325
3941
3432
3274
3131
3094
3093
3354
3535
3092
2535
2344
2292
2299
2279
2230
2102
2080
2121
2140
2162
2060
2106
2222
2145
1990
1953
1971
2168
2601
2648
2340
1924
1772
1996
2418
2571
2732
2349
1970
1780
1767
1741
1823
1738
1683
1675
1709
1700
1651
1658
1752
1715
1771
1853
1888
2088
2337
2252
2190
2046
1776
1733
1709
1575
1360
1232
1151
1065
1023
1041
1040
924
897
852
872
1044
1534
2323
3421
4005
4061
3254
2180
1263
631
339
300
360
501
848
1399
2263
2978
3187
3021
2377
1599
978
445
255
223
143
156
148
129
138
139
137
146
137
139
124
162
188
207
207
200
182
180
142
139
110
113
80
115
90
86
105
88
85
79
91
66
97
82
83
79
74
96
88
93
66
69
82
72
86
96
77
75
81
80
81
89
72
70
75
80
80
104
90
107
89
94
103
103
73
84
80
80
86
95
66
66
79
68
91
82
98
60
61
66
42
59
55
57
44
18
22
36
25
32
30
28
34
33
42
52
58
66
83
117
120
121
133
104
113
97
86
58
39
32
22
21
15
20
11
11
8
11
7
9
16
6
12
9
15
13
11
7
10
7
6
10
8
5
7
8
9
4
235
