0
0
0
0
0
0
0
0
1413
4859
3144
2894
2903
2876
2921
3014
3153
3397
3861
4470
5557
5688
4397
3434
3185
3062
3003
3036
3212
3315
3005
2529
2291
2224
2222
2205
2160
2039
2015
2048
2069
2077
2016
2046
2113
2063
1952
1901
1944
2146
2422
2480
2242
1924
1798
1971
2282
2487
2547
2276
1933
1744
1709
1692
1756
1682
1630
1622
1650
1642
1605
1615
1673
1675
1716
1781
1859
2028
2183
2185
2101
1953
1773
1682
1631
1511
1338
1204
1116
1040
999
1004
997
905
869
827
841
1002
1464
2216
3197
3784
3828
3178
2215
1342
722
398
310
355
505
819
1345
2058
2703
2993
2870
2372
1683
1051
550
291
218
156
147
146
129
131
132
133
138
135
134
123
146
174
193
200
196
183
172
153
133
119
105
95
93
99
87
91
93
84
80
81
74
79
85
80
78
74
83
88
87
76
67
72
74
76
86
84
75
74
77
78
79
81
69
68
73
77
83
98
90
99
86
91
98
92
74
79
78
78
83
83
69
66
71
73
80
85
82
67
59
58
50
52
55
53
42
24
21
30
27
28
30
28
30
31
37
46
54
60
74
102
114
115
122
113
105
101
89
69
48
35
28
21
19
15
16
10
10
7
10
6
9
13
7
10
10
13
13
10
7
8
7
0
