0
0
0
0
0
0
0
0
1409
4912
3130
2926
2916
2902
2902
3033
3193
3450
3874
4499
5527
5679
4446
3487
3257
3081
2986
3043
3178
3315
3125
2530
2240
2258
2199
2087
2129
2066
2004
2009
2037
2067
2027
2036
2027
1990
1888
1822
1922
2163
2433
2502
2262
1953
1857
1991
2272
2555
2550
2251
1894
1738
1686
1682
1701
1662
1689
1713
1648
1668
1639
1630
1678
1691
1736
1813
1870
1965
2095
2181
2145
1982
1801
1661
1568
1461
1293
1139
1087
1051
1056
1055
1030
928
857
830
828
1004
1464
2191
3212
3773
3823
3197
2237
1365
772
457
340
353
512
841
1346
2014
2652
2943
2829
2369
1674
1022
564
334
200
166
160
145
143
123
112
119
126
140
143
109
119
153
167
180
188
173
163
156
142
136
124
104
94
93
99
92
86
75
63
65
73
77
74
77
89
87
79
79
82
84
74
64
67
67
63
70
77
75
73
72
73
86
79
67
67
81
80
89
101
106
104
103
103
88
83
74
64
70
74
76
74
81
86
76
69
77
77
72
74
67
54
48
47
45
39
33
28
29
26
23
17
22
23
26
34
41
55
65
73
88
116
129
131
129
116
111
91
60
43
33
25
19
22
16
13
7
12
13
9
7
6
9
7
11
11
10
10
8
7
8
7
0
