0
0
1763
5763
2760
3080
2999
3003
2979
3170
3309
3553
4118
4444
6212
6358
4009
3441
3423
3104
3060
3145
3286
3512
3289
2495
2276
2351
2270
2149
2206
2133
2067
2079
2108
2154
2077
2117
2093
2080
1944
1825
1971
2219
2586
2695
2343
1927
1875
2032
2342
2728
2690
2325
1912
1785
1739
1740
1761
1717
1749
1778
1693
1734
1690
1672
1756
1738
1786
1898
1916
2026
2189
2284
2268
2022
1854
1687
1626
1524
1322
1139
1130
1074
1097
1091
1069
948
880
856
859
1055
1551
2319
3490
3997
4054
3247
2163
1248
679
405
323
339
527
897
1437
2217
2961
3123
2951
2373
1555
908
472
308
172
173
162
146
150
120
112
129
133
151
148
96
138
173
171
199
194
166
174
152
141
145
113
105
87
107
99
91
88
67
63
73
81
82
73
87
101
82
79
85
89
87
65
64
79
60
70
82
78
75
75
72
90
85
71
66
84
82
89
105
110
107
105
113
88
89
78
62
76
77
82
71
87
97
77
63
90
76
73
82
70
51
48
51
46
38
33
27
33
24
24
15
27
22
31
40
46
64
71
80
102
136
134
141
125
115
113
73
49
38
28
19
24
17
15
8
13
14
10
8
6
11
6
13
11
11
11
7
9
8
7
7
7
13
8
10
11
5
4
232
