0
0
1786
5604
2747
3101
3080
3043
3002
3150
3205
3563
3916
4435
6310
6246
4030
3400
3409
3293
3106
3110
3352
3404
3212
2661
2299
2286
2242
2178
2280
2200
2097
2104
2184
2129
2055
2049
2190
2095
1986
1914
1968
2169
2578
2611
2254
1942
1834
1987
2262
2711
2754
2296
1907
1666
1706
1638
1812
1696
1722
1671
1721
1776
1717
1748
1754
1754
1856
1858
1864
2074
2294
2299
2182
2035
1817
1659
1645
1562
1380
1248
1157
1147
1029
1043
1026
980
949
837
857
1056
1609
2432
3516
3935
4112
3146
2217
1179
694
395
296
349
513
836
1454
2110
2886
3236
2941
2404
1630
946
465
291
208
148
167
145
173
134
140
121
143
132
156
124
157
165
173
169
185
177
157
118
117
133
104
85
96
91
89
88
98
101
83
83
87
85
119
79
100
71
87
84
63
85
76
86
73
76
77
91
74
82
68
72
56
76
77
60
68
88
95
111
118
108
108
111
101
80
79
81
82
67
81
91
65
80
62
73
74
68
68
75
66
66
57
47
46
32
37
18
24
28
29
27
32
27
25
42
38
63
79
85
106
114
109
130
115
121
93
79
58
34
31
26
27
17
15
18
14
14
20
11
8
11
6
8
14
6
7
13
6
6
8
12
7
7
3
8
8
4
8
223
