0
0
0
0
0
0
0
0
1429
4789
3096
2940
2982
2948
2924
3015
3129
3399
3768
4454
5554
5656
4417
3469
3273
3183
3053
3046
3191
3253
3076
2633
2278
2210
2171
2112
2198
2132
2036
2037
2096
2060
2000
2003
2073
2028
1932
1879
1932
2136
2398
2438
2200
1930
1830
1941
2213
2540
2582
2241
1871
1645
1640
1598
1742
1643
1663
1621
1662
1705
1672
1685
1694
1713
1772
1796
1842
1999
2163
2197
2108
1959
1780
1641
1578
1497
1353
1221
1136
1097
1016
1005
992
952
920
819
825
1005
1513
2288
3247
3740
3836
3156
2235
1342
759
452
325
347
497
809
1318
1955
2598
2977
2863
2392
1730
1065
569
323
220
157
156
146
160
139
134
122
132
131
143
129
140
156
163
165
171
174
157
132
114
117
112
92
86
90
88
86
89
94
89
80
81
83
99
94
88
81
78
81
72
72
76
78
77
72
72
79
80
75
74
67
66
58
73
71
58
68
85
94
108
113
105
104
105
95
80
77
77
75
70
77
80
72
70
67
66
70
67
66
68
66
62
57
48
44
34
32
22
21
25
27
27
28
28
26
35
37
52
69
79
93
106
107
115
117
114
104
84
67
47
31
29
25
23
16
14
17
13
14
17
10
8
9
6
7
11
7
6
10
7
5
7
0
