0
0
1704
5846
2861
3067
3010
2939
3189
3158
3233
3399
4036
4524
6323
6219
3958
3258
3446
3197
3054
3039
3306
3322
3071
2532
2338
2329
2362
2210
2167
2114
2081
2179
2185
2136
2138
2087
2181
2111
1944
1852
2020
2239
2602
2618
2350
1947
1866
1961
2390
2689
2679
2400
1970
1668
1748
1693
1756
1764
1693
1646
1742
1664
1677
1690
1787
1794
1783
1848
1935
2030
2214
2308
2244
2040
1823
1683
1772
1529
1397
1256
1178
1137
1121
1023
1019
975
886
855
896
1089
1521
2388
3293
3949
4061
3222
2164
1221
684
381
323
324
552
846
1463
2205
2833
3263
3078
2342
1594
932
519
278
197
187
149
113
171
153
140
135
122
125
134
141
165
164
164
192
190
157
162
145
123
119
112
101
111
84
84
102
98
79
84
85
98
93
67
83
69
79
97
76
83
69
81
57
67
85
73
59
61
73
63
68
72
69
85
77
70
81
100
102
123
95
105
121
99
90
78
66
81
67
72
77
75
70
71
79
74
84
75
62
65
50
52
61
34
42
37
31
27
35
30
36
28
43
45
33
52
57
60
76
100
122
128
117
127
91
99
77
58
30
29
20
14
23
14
14
3
14
11
13
14
13
9
8
10
8
10
7
11
13
16
8
8
3
9
6
8
4
7
230
