0
0
0
0
0
0
0
0
1363
4972
3225
2934
2920
2872
3026
3070
3128
3334
3804
4541
5588
5631
4342
3385
3234
3134
2989
2988
3138
3174
2950
2523
2290
2256
2274
2148
2099
2048
2019
2098
2108
2074
2061
2042
2079
2026
1899
1847
1962
2194
2432
2468
2247
1960
1844
1965
2283
2542
2545
2299
1926
1659
1678
1645
1695
1705
1639
1599
1672
1619
1621
1646
1712
1732
1739
1790
1871
1981
2118
2195
2140
1974
1785
1681
1643
1508
1353
1230
1148
1105
1075
1003
983
944
864
829
863
1043
1456
2256
3102
3721
3814
3158
2197
1325
749
439
329
352
519
842
1363
2020
2624
2998
2919
2371
1666
1034
587
324
210
181
152
117
153
151
139
132
121
120
125
134
151
159
159
175
182
165
153
145
128
117
111
104
100
93
82
89
96
85
78
81
88
92
76
73
72
71
84
82
78
72
73
66
61
71
75
65
58
62
65
62
65
69
70
80
73
70
82
96
103
113
93
104
112
95
85
74
68
73
68
68
72
72
69
69
72
75
76
72
64
59
53
50
52
41
37
36
31
28
31
30
32
30
37
41
35
45
53
56
67
87
109
120
118
117
103
91
85
65
43
29
25
17
15
19
13
10
4
13
10
12
13
12
9
8
8
8
8
7
9
12
13
0
