0
0
1674
5638
2827
3014
3101
3019
3049
3105
3268
3429
4045
4381
6364
6105
4117
3439
3238
3210
3074
3031
3233
3381
3127
2621
2353
2347
2186
2206
2152
2137
2119
2198
2168
2119
2046
2055
2233
2109
1960
1848
1963
2239
2610
2650
2304
1904
1791
2046
2358
2699
2731
2313
1965
1799
1736
1770
1745
1641
1719
1751
1724
1714
1727
1742
1691
1858
1860
1837
1853
1998
2248
2356
2248
1982
1844
1707
1673
1554
1343
1276
1118
1086
1108
1069
1078
976
914
845
847
1067
1641
2372
3385
3927
4145
3245
2282
1263
662
391
325
345
517
821
1418
2223
2904
3192
3043
2307
1575
954
492
275
165
161
143
142
135
146
129
140
142
142
134
140
151
164
169
189
170
203
140
155
136
141
130
124
98
96
99
78
82
92
85
86
83
73
91
80
91
89
76
82
69
87
67
72
77
70
80
69
90
67
67
76
83
80
67
78
84
75
120
92
93
108
112
107
108
77
78
84
82
75
81
87
61
75
75
99
74
79
62
54
60
63
48
42
38
47
35
34
25
28
33
32
20
25
28
35
58
59
73
89
96
128
99
128
150
101
97
70
75
43
31
31
10
24
15
9
8
5
12
9
5
11
12
9
7
13
11
14
10
6
11
14
10
5
8
7
6
7
3
242
