0
0
0
0
0
0
0
0
1339
4816
3158
2887
2982
2940
2948
3008
3141
3363
3801
4482
5555
5611
4413
3478
3185
3089
3003
2978
3105
3201
3005
2593
2318
2260
2132
2132
2084
2069
2054
2118
2098
2049
1992
2014
2106
2038
1905
1837
1934
2188
2448
2473
2215
1907
1816
1995
2292
2554
2558
2244
1923
1752
1690
1708
1684
1592
1663
1692
1670
1660
1671
1677
1671
1771
1795
1784
1821
1959
2145
2231
2136
1945
1783
1675
1600
1483
1330
1217
1106
1060
1062
1041
1031
949
885
821
819
1030
1580
2292
3209
3751
3872
3168
2239
1336
726
430
335
361
514
831
1368
2063
2677
2982
2854
2305
1617
1013
561
305
184
156
142
138
132
138
127
133
135
136
132
133
143
154
162
176
173
179
159
142
140
133
130
120
106
94
92
84
77
84
86
82
82
75
80
82
83
87
79
77
72
77
72
68
71
71
72
72
76
76
65
67
75
79
73
67
76
79
85
108
89
93
104
107
103
97
75
75
80
78
74
78
76
66
69
78
85
78
71
62
56
57
57
49
41
39
41
36
31
26
26
30
31
22
23
26
31
51
55
66
81
89
115
103
115
137
114
95
78
69
55
35
30
21
14
19
12
8
7
6
11
8
5
10
11
8
7
11
11
12
9
7
10
0
