0
0
1799
5598
2848
2967
2913
3013
3090
3161
3392
3578
3960
4458
6318
6124
3882
3391
3494
3155
3040
3137
3342
3384
3184
2502
2366
2239
2317
2191
2096
2092
2094
2139
2169
2164
2088
2017
2232
2070
1961
1729
2015
2194
2472
2503
2335
1932
1829
1850
2506
2760
2809
2360
1956
1655
1738
1800
1736
1749
1727
1772
1676
1695
1747
1685
1732
1787
1750
1849
2021
2020
2241
2285
2257
2051
1914
1848
1616
1517
1342
1242
1150
1086
1035
1153
1042
1021
915
852
871
1055
1582
2337
3457
4011
3966
3190
2283
1231
658
421
315
347
489
803
1417
2251
2872
3271
3075
2378
1592
913
472
249
196
147
136
152
142
146
135
146
154
140
132
144
149
166
198
200
186
164
159
133
140
142
117
115
98
98
80
108
103
70
86
94
101
73
86
82
90
86
72
91
72
86
93
72
82
74
61
63
61
57
66
76
55
75
57
84
52
97
98
130
102
110
94
102
77
103
91
86
84
80
66
77
79
98
101
72
87
88
73
67
56
57
60
48
40
41
31
35
26
17
29
18
31
27
28
37
55
57
79
85
98
127
138
115
133
111
79
84
51
40
41
27
22
20
13
8
11
14
13
8
5
5
15
11
10
9
6
5
14
6
10
6
13
10
5
5
8
8
2
249
