0
0
0
0
0
0
0
0
1432
4784
3184
2848
2828
2895
2974
3061
3241
3460
3796
4471
5533
5575
4316
3439
3287
3123
2985
3039
3186
3235
3038
2529
2299
2184
2228
2127
2033
2023
2024
2062
2090
2085
2024
1996
2084
2020
1879
1784
1910
2131
2323
2376
2217
1948
1796
1903
2322
2623
2643
2308
1920
1643
1673
1733
1682
1688
1671
1704
1633
1639
1673
1646
1671
1709
1717
1793
1908
1995
2114
2190
2149
2012
1875
1761
1605
1463
1324
1212
1124
1057
1018
1090
1022
990
898
832
838
997
1464
2171
3143
3744
3768
3191
2333
1428
781
468
344
344
469
756
1275
1971
2613
3005
2965
2453
1736
1064
576
302
204
156
135
141
140
139
134
137
144
141
131
134
141
153
176
191
185
169
155
141
131
134
126
112
104
94
87
89
102
85
74
85
92
84
77
80
83
85
78
78
79
77
83
82
75
75
68
59
59
58
57
64
68
56
70
58
77
56
93
97
120
101
103
93
92
83
92
90
85
81
76
69
71
79
89
91
81
79
83
75
66
58
54
56
50
41
38
33
31
28
20
23
21
25
27
27
31
44
53
65
77
87
107
126
124
118
120
96
77
71
47
38
36
26
21
18
12
7
9
12
12
8
5
5
11
11
10
9
7
6
9
9
7
0
