0
0
1784
5793
2870
2959
2989
2997
3054
3100
3317
3636
4076
4414
6260
6190
3982
3378
3290
3111
3046
3005
3311
3395
3112
2589
2378
2236
2225
2193
2150
2097
2111
2077
2172
2053
2050
2056
2108
2109
1910
1873
1954
2297
2591
2661
2355
1959
1838
2038
2327
2646
2816
2341
1977
1731
1754
1775
1766
1660
1667
1659
1735
1683
1704
1588
1741
1841
1892
1849
1921
2101
2248
2335
2165
2009
1826
1782
1675
1505
1373
1219
1140
1134
1133
1119
1104
954
928
815
876
1030
1562
2428
3428
4091
4012
3241
2235
1331
666
386
303
328
515
832
1429
2233
2921
3240
3026
2432
1634
902
475
260
175
164
147
142
144
142
145
140
129
140
142
138
172
193
178
192
182
165
157
166
125
109
108
102
95
96
90
86
96
98
91
85
94
94
82
79
65
69
107
85
71
64
80
71
70
76
83
83
74
73
83
68
51
73
62
77
75
85
99
101
86
116
105
109
96
92
78
71
71
67
80
82
75
80
78
83
63
83
71
78
69
51
59
43
48
36
41
28
30
17
31
32
27
22
34
24
42
56
81
96
103
110
106
116
97
104
80
70
61
56
27
23
21
10
16
8
14
11
11
10
14
10
9
13
8
10
14
16
7
10
8
9
13
6
8
7
7
6
3
250
