0
0
0
0
0
0
0
0
1420
4936
3232
2845
2882
2897
2941
3006
3188
3488
3867
4469
5497
5612
4387
3424
3173
3045
2955
2962
3138
3225
3005
2578
2321
2180
2152
2123
2081
2030
2037
2017
2074
2005
1982
1992
2024
2003
1888
1835
1935
2189
2440
2491
2275
1969
1844
1973
2237
2516
2624
2302
1942
1705
1693
1713
1708
1611
1610
1607
1663
1636
1630
1576
1663
1763
1809
1810
1870
2010
2149
2200
2110
1950
1807
1716
1619
1477
1338
1204
1118
1097
1095
1084
1068
941
901
803
837
975
1439
2222
3132
3786
3823
3238
2348
1481
818
454
325
334
476
775
1278
1962
2619
2998
2941
2482
1787
1077
580
312
194
162
148
140
138
138
138
138
129
130
135
135
152
176
179
177
180
168
156
153
141
113
105
102
95
91
90
85
87
92
91
86
85
89
86
79
70
65
81
90
79
68
68
72
69
68
74
79
78
72
71
76
63
52
69
60
74
73
83
94
95
89
107
103
102
95
88
78
71
68
67
73
78
76
75
77
75
70
71
73
71
68
56
53
47
44
38
36
31
28
21
25
28
29
24
27
28
32
46
64
84
94
101
104
105
106
95
93
75
65
57
47
26
22
19
9
14
8
12
11
10
10
12
10
9
10
9
8
11
13
10
7
9
0
