0
0
0
0
0
0
0
0
1471
4926
3240
2887
2873
2952
2962
2969
3096
3406
3803
4412
5541
5727
4479
3495
3232
3121
3065
3016
3108
3244
2993
2493
2223
2171
2178
2230
2180
1981
2077
2028
2056
1972
1987
2025
2090
2032
1937
1875
1955
2149
2377
2466
2310
2042
1905
1954
2201
2534
2545
2236
1851
1656
1686
1672
1681
1647
1607
1657
1635
1636
1634
1631
1671
1710
1767
1800
1854
2004
2166
2203
2112
1970
1824
1718
1657
1510
1334
1218
1109
1008
1091
1002
1044
981
886
813
850
963
1382
2113
2966
3625
3758
3284
2394
1479
819
470
346
345
456
736
1245
1935
2587
2974
2993
2527
1801
1114
601
326
211
157
133
133
146
151
132
118
114
123
140
141
141
162
181
193
187
168
162
153
134
119
117
110
107
97
99
87
86
91
83
78
87
89
82
79
75
72
72
73
70
66
72
79
78
71
65
67
71
72
75
61
56
64
69
71
79
81
92
89
94
94
96
102
101
90
87
88
81
78
74
71
75
72
73
79
81
71
69
74
72
59
52
54
52
37
29
30
29
28
29
26
27
31
29
24
24
38
55
71
83
90
98
120
151
136
119
102
78
70
53
35
36
27
17
17
23
13
13
12
8
10
14
15
11
6
6
8
9
12
10
7
11
0
