0
0
1848
5788
2883
3013
2961
3088
3060
3059
3198
3566
4039
4295
6404
6305
4051
3461
3334
3185
3200
3059
3229
3460
3083
2485
2267
2245
2258
2316
2250
2030
2172
2083
2154
2007
2071
2079
2223
2075
2018
1866
2043
2204
2547
2610
2412
2021
1947
1984
2284
2733
2665
2285
1859
1689
1753
1729
1743
1701
1659
1728
1684
1697
1691
1677
1747
1760
1860
1858
1895
2102
2308
2303
2172
2022
1856
1745
1749
1522
1344
1248
1128
1011
1163
1011
1098
997
899
828
894
1021
1531
2360
3297
3951
3954
3281
2204
1257
652
397
327
351
486
830
1450
2265
2905
3201
3107
2383
1600
921
462
264
188
146
131
141
160
157
124
118
119
137
153
139
156
181
196
208
177
169
167
148
124
126
113
119
98
107
94
83
99
90
78
85
102
84
80
82
72
76
75
78
63
74
84
82
75
66
70
75
75
82
63
56
67
72
75
83
83
98
92
100
97
100
109
107
87
95
92
77
86
70
78
79
70
79
85
86
63
78
76
75
52
56
57
51
30
28
34
28
32
31
22
33
36
24
21
31
54
68
86
93
100
109
163
144
127
111
82
74
57
37
38
28
17
18
26
11
15
12
7
14
16
18
9
5
10
8
12
16
5
12
10
9
8
5
8
3
3
8
6
222
