0
0
1898
5647
2822
3037
3038
2909
3027
3079
3375
3566
3995
4320
6495
6337
4143
3427
3273
3185
3078
3023
3284
3349
3135
2438
2384
2245
2285
2261
2249
2108
2053
2196
2204
2216
2038
2062
2252
2113
1870
1830
2022
2219
2492
2682
2326
1955
1806
1934
2459
2802
2713
2304
1885
1825
1711
1816
1790
1717
1663
1677
1778
1730
1670
1671
1780
1773
1842
1824
1914
2098
2224
2245
2183
1952
1825
1709
1693
1596
1330
1232
1203
1118
1067
1043
1052
961
911
859
903
1032
1492
2381
3275
3949
4054
3283
2152
1234
720
357
267
336
495
823
1416
2178
2807
3357
3009
2402
1615
936
455
278
187
135
124
134
161
127
137
137
135
151
135
161
154
167
227
174
199
169
172
157
134
134
116
85
102
87
105
92
91
85
80
97
77
75
75
79
92
90
84
75
92
66
71
82
64
71
68
67
66
82
78
70
73
77
60
79
73
81
100
91
101
114
117
108
89
84
69
78
65
90
69
64
89
77
100
65
75
82
80
67
73
49
48
47
40
27
39
42
36
31
21
16
23
20
34
41
51
72
67
74
111
113
142
126
131
109
89
70
62
45
40
23
20
14
15
16
10
9
10
14
10
10
13
2
9
8
12
14
8
4
8
10
8
9
7
7
12
10
4
234
