0
0
0
0
0
0
0
0
1518
4840
3163
2900
2932
2846
2903
2994
3210
3456
3793
4443
5625
5777
4508
3490
3193
3085
2995
2978
3122
3193
2989
2477
2302
2190
2204
2188
2176
2046
1994
2106
2130
2120
2006
2016
2114
2031
1858
1817
1947
2153
2380
2469
2259
1950
1807
1942
2327
2625
2577
2240
1877
1763
1673
1746
1732
1663
1610
1623
1704
1674
1625
1629
1698
1726
1762
1784
1864
2007
2121
2152
2079
1922
1775
1679
1623
1520
1332
1209
1158
1092
1039
1012
1012
939
886
836
868
986
1404
2202
3046
3687
3815
3230
2257
1375
791
440
297
327
478
782
1292
1949
2585
3022
2945
2424
1735
1065
564
313
203
143
123
126
147
131
129
131
132
140
136
146
151
157
193
191
179
177
164
158
141
128
119
98
88
93
92
95
88
85
80
84
84
75
73
73
82
86
85
78
80
76
68
72
71
65
66
66
65
68
77
74
68
70
71
61
76
70
81
95
88
98
109
111
102
87
79
70
71
70
77
70
67
77
82
84
74
70
76
76
69
65
54
47
45
40
31
33
39
36
32
24
18
19
21
27
35
44
60
65
67
90
107
123
128
124
116
97
79
65
55
42
33
22
18
13
14
14
9
8
8
12
10
9
9
3
6
8
9
12
9
5
6
0
