0
0
0
0
0
0
0
0
1391
4820
3132
2880
2946
2907
2946
3020
3178
3436
3871
4500
5512
5606
4362
3462
3314
3177
3039
2998
3161
3285
3018
2539
2239
2199
2177
2187
2111
2054
2037
2023
2105
2064
2011
2027
2119
2048
1922
1835
1940
2190
2428
2472
2240
1921
1801
1938
2284
2577
2551
2305
1963
1689
1643
1704
1637
1674
1572
1612
1677
1664
1650
1697
1682
1724
1727
1790
1862
2012
2170
2209
2104
1951
1813
1661
1560
1493
1372
1205
1078
1051
1097
1045
1042
981
892
802
848
995
1400
2217
3181
3743
3751
3132
2285
1352
712
429
335
366
521
854
1422
2125
2741
3019
2845
2321
1632
1003
549
299
195
164
158
131
129
149
134
139
130
126
111
119
147
162
163
180
184
170
147
133
127
117
116
107
93
93
86
86
90
89
81
84
80
80
81
78
96
95
88
84
77
80
79
75
76
76
71
67
66
68
69
70
67
60
60
63
87
83
95
87
97
110
97
103
106
83
83
90
84
75
72
74
85
84
80
71
60
66
77
73
63
57
54
51
46
42
38
28
27
27
27
29
30
26
30
38
36
36
42
68
79
88
92
118
115
122
117
91
71
59
50
34
19
16
19
15
18
15
12
13
8
13
9
10
14
8
11
15
9
10
7
7
5
0
