0
0
1738
5632
2784
3016
3054
2988
3057
3115
3306
3526
4116
4434
6201
6250
3940
3394
3529
3199
3160
3002
3312
3493
3125
2557
2269
2276
2246
2265
2178
2120
2104
2082
2196
2130
2068
2064
2253
2106
1998
1822
1978
2261
2569
2638
2360
1891
1819
1930
2371
2757
2670
2403
2021
1711
1686
1775
1686
1733
1624
1665
1740
1720
1692
1774
1712
1810
1750
1875
1885
2076
2281
2324
2195
1980
1917
1673
1608
1559
1433
1230
1092
1067
1165
1063
1089
1012
919
823
880
1034
1450
2317
3380
3954
3972
3205
2343
1250
621
404
313
359
527
839
1521
2284
3000
3241
2968
2351
1561
926
475
264
184
165
164
129
137
159
134
147
131
129
110
128
161
172
165
201
186
175
137
141
126
114
130
93
104
91
86
92
99
86
80
95
73
91
78
84
113
88
95
81
76
88
77
75
84
73
74
65
72
73
72
73
61
67
53
93
80
102
88
95
117
101
105
117
85
83
96
90
75
77
69
95
84
84
78
56
62
92
72
66
54
60
51
48
42
43
24
31
25
31
32
32
25
34
43
36
40
46
80
84
95
98
136
109
139
110
84
65
56
48
23
16
21
16
19
17
12
17
7
14
10
10
16
9
11
19
9
13
7
9
4
5
14
11
9
6
6
4
2
252
