0
0
1779
5710
2970
3040
3024
2959
2856
3123
3238
3415
4197
4452
6430
6334
4045
3455
3413
3223
3053
3017
3313
3455
3054
2622
2319
2215
2236
2311
2194
2097
2136
2115
2127
2115
2011
2056
2224
2151
1974
1753
2022
2329
2536
2667
2305
1932
1812
2004
2330
2670
2737
2364
1946
1770
1711
1797
1681
1687
1674
1728
1702
1715
1744
1588
1782
1779
1786
1959
1969
2075
2227
2340
2238
1976
1894
1759
1670
1544
1316
1234
1145
1082
1040
1117
1029
970
857
876
898
1043
1576
2382
3398
3974
3863
3283
2326
1265
667
424
310
357
509
864
1355
2193
2858
3198
3116
2263
1547
923
478
270
171
162
149
144
137
125
156
122
143
136
125
149
154
182
182
183
177
162
146
131
117
116
125
112
93
75
89
94
86
107
82
101
78
70
78
88
79
77
88
69
79
79
88
79
78
78
82
76
79
94
71
78
87
112
71
71
93
88
84
113
89
100
109
82
89
93
80
91
75
104
96
77
71
64
87
50
68
67
86
62
65
63
59
42
33
29
31
24
29
23
26
35
15
29
28
33
49
57
67
79
92
108
126
139
114
122
74
76
47
59
26
15
17
14
16
9
10
8
10
9
10
10
12
10
9
13
8
7
8
12
5
8
7
11
2
4
5
12
2
236
