0
0
0
0
0
0
0
0
1424
4890
3294
2930
2928
2871
2809
2969
3125
3369
3888
4571
5649
5734
4450
3501
3279
3139
2992
2980
3160
3252
2975
2577
2279
2157
2164
2228
2127
2033
2064
2049
2056
2036
1968
2007
2108
2063
1903
1802
1963
2229
2436
2465
2227
1927
1823
1970
2260
2532
2567
2275
1915
1726
1671
1722
1631
1631
1620
1669
1649
1660
1665
1584
1694
1723
1760
1863
1925
2019
2147
2215
2127
1953
1820
1712
1608
1471
1304
1194
1114
1051
1024
1058
1001
936
839
846
868
1007
1517
2289
3216
3755
3688
3155
2282
1354
739
449
338
361
519
834
1337
2015
2642
2984
2889
2304
1593
993
547
300
187
158
147
140
134
123
145
124
134
134
124
138
147
167
176
176
173
161
147
131
119
113
115
112
97
82
80
88
89
92
91
88
85
71
71
80
80
76
80
74
72
75
80
80
77
76
76
77
75
82
81
72
77
92
93
68
75
89
85
88
103
88
97
99
80
86
86
80
83
81
95
89
76
68
69
70
61
62
69
73
65
61
61
55
43
33
29
28
26
26
24
25
29
18
25
28
29
43
53
61
72
85
99
116
129
120
115
90
72
59
51
40
21
14
15
13
13
8
9
7
9
8
9
9
11
9
8
11
8
7
7
9
6
0
