0
0
1800
5558
2796
2959
3061
3039
3018
3206
3250
3529
4000
4462
6551
6242
4031
3356
3296
3222
3141
3057
3266
3387
3121
2516
2371
2293
2165
2211
2199
2127
2150
2105
2216
2132
2017
2068
2185
2074
1969
1839
1967
2261
2612
2544
2245
1915
1850
1992
2263
2730
2706
2340
2062
1797
1683
1793
1807
1670
1747
1725
1672
1743
1758
1713
1722
1873
1796
1871
1959
2003
2253
2217
2204
2038
1805
1774
1602
1536
1362
1228
1034
1090
1161
1141
1066
983
942
831
833
1047
1527
2315
3339
4003
3848
3200
2187
1318
646
410
343
337
528
878
1428
2136
2921
3264
3078
2377
1621
896
507
277
156
166
160
167
139
140
157
159
136
137
115
159
160
181
214
182
206
164
145
143
133
130
117
114
79
94
87
108
94
88
81
97
91
81
84
99
71
77
64
99
94
95
76
89
72
71
95
89
67
64
69
52
80
89
75
85
75
64
88
118
103
101
95
95
93
100
78
98
84
70
75
83
98
79
77
84
90
61
73
66
61
57
45
61
36
34
35
38
26
39
27
33
20
27
35
47
48
54
76
84
116
137
124
139
103
129
102
61
50
48
31
22
11
15
14
9
11
10
8
6
8
8
16
12
8
11
8
12
10
7
5
11
6
4
9
11
3
6
4
237
