0
0
0
0
0
0
0
0
1433
4751
3137
2833
2938
2942
2938
3057
3164
3401
3805
4524
5671
5728
4417
3427
3191
3122
3045
3010
3124
3211
2999
2527
2309
2220
2106
2133
2127
2060
2074
2046
2118
2062
1976
2005
2068
2012
1904
1834
1928
2182
2420
2414
2178
1920
1831
1942
2209
2540
2568
2289
2007
1761
1644
1724
1745
1621
1683
1668
1628
1675
1692
1666
1683
1765
1766
1805
1878
1972
2103
2150
2101
1969
1802
1691
1581
1473
1338
1191
1047
1049
1107
1103
1039
960
916
817
805
987
1421
2146
3060
3706
3693
3150
2288
1439
796
461
353
356
497
811
1295
1931
2602
3018
2962
2452
1746
1061
593
328
182
156
156
159
142
135
145
151
139
132
119
138
153
166
191
191
186
176
149
139
134
127
120
110
95
82
89
93
98
88
83
85
90
84
80
87
82
74
68
78
89
91
84
80
79
71
76
87
79
65
63
62
57
78
84
73
81
71
64
89
111
100
97
92
91
91
91
83
88
82
72
72
80
87
82
76
79
80
70
65
65
60
56
49
52
42
33
32
35
29
33
30
29
24
23
29
39
44
49
63
75
96
120
125
126
120
109
115
85
56
48
41
29
19
10
14
13
8
10
10
8
6
6
8
13
12
9
9
8
9
10
7
5
0
