0
0
0
0
0
0
0
0
1450
4856
3156
2919
2932
2901
2967
2992
3166
3417
3805
4437
5496
5598
4365
3429
3222
3125
3027
2993
3176
3254
2984
2624
2315
2178
2147
2145
2089
2077
2089
2144
2111
2033
1969
1999
2085
2028
1877
1796
1924
2151
2374
2439
2255
1980
1866
1987
2273
2486
2513
2285
1920
1678
1725
1670
1725
1675
1641
1623
1701
1706
1704
1734
1667
1666
1741
1780
1877
1997
2125
2161
2097
1974
1815
1664
1569
1473
1363
1205
1142
1042
1038
1033
1010
922
857
826
855
988
1472
2268
3103
3692
3800
3215
2301
1403
767
443
324
338
480
795
1309
1962
2588
2981
2941
2432
1739
1081
594
326
201
147
137
136
136
143
145
135
143
144
131
135
148
180
191
189
189
164
144
145
140
129
120
110
106
99
92
80
80
85
84
77
87
94
88
85
83
83
82
75
81
89
81
76
72
71
78
80
81
77
68
76
82
76
86
65
59
82
91
90
97
95
114
95
78
91
79
71
74
77
77
74
78
80
80
79
79
83
74
63
62
69
68
61
44
35
33
32
33
31
30
30
26
24
25
28
34
37
46
56
80
90
105
115
134
143
128
107
69
52
43
33
26
20
16
19
13
7
8
9
9
8
13
11
7
9
12
10
8
10
8
6
8
0
