0
0
1813
5685
2807
3062
3026
2985
3100
3055
3320
3512
4037
4354
6282
6157
3985
3360
3372
3184
3149
2991
3369
3433
3056
2678
2352
2239
2219
2219
2156
2148
2161
2228
2185
2097
2018
2051
2209
2106
1932
1765
2015
2204
2527
2590
2359
1966
1886
2003
2401
2607
2651
2374
1953
1692
1802
1718
1788
1730
1696
1673
1773
1764
1754
1822
1701
1697
1846
1791
1982
2025
2272
2231
2196
2026
1884
1669
1643
1498
1436
1188
1207
1040
1084
1067
1046
943
881
851
889
1036
1574
2446
3339
3937
4040
3246
2238
1260
649
394
295
344
482
855
1427
2188
2839
3239
3078
2373
1637
945
498
281
184
141
141
139
143
152
153
133
155
145
130
146
158
207
191
202
195
149
147
155
135
134
114
115
103
105
85
79
88
89
83
76
105
91
91
85
87
85
83
71
97
93
70
84
65
83
85
82
86
67
76
89
75
93
69
58
84
95
93
102
94
124
103
72
103
80
72
79
79
84
71
87
79
87
79
80
94
72
62
63
79
66
68
36
39
33
35
35
32
31
29
24
27
24
34
38
41
54
65
98
93
123
116
163
133
135
80
57
48
37
28
22
17
21
14
8
9
10
10
7
15
12
7
11
14
9
10
13
6
8
10
4
10
3
13
7
6
4
5
240
