0
0
1824
5593
2893
3083
3102
3045
2960
3150
3294
3530
4087
4418
6256
6218
3904
3385
3406
3206
3012
2945
3277
3402
3144
2540
2242
2321
2244
2296
2143
2124
2109
2229
2157
2147
2065
2124
2189
2064
1997
1821
2022
2255
2470
2658
2255
2019
1798
2023
2327
2665
2742
2476
1924
1754
1795
1791
1737
1717
1700
1662
1719
1764
1685
1737
1799
1821
1819
1818
1956
2114
2260
2298
2168
2026
1845
1736
1641
1463
1324
1294
1141
1093
1090
1074
1058
975
929
822
831
1006
1484
2404
3390
4003
4100
3262
2197
1241
654
388
349
401
453
873
1403
2199
2921
3152
2993
2388
1608
890
485
232
169
150
136
153
161
127
149
146
145
126
124
129
153
179
185
186
176
168
143
147
143
106
125
128
99
97
101
85
79
82
83
97
76
106
86
91
81
97
85
74
84
76
82
75
77
92
81
72
74
69
82
85
78
83
63
63
85
82
81
90
100
113
128
104
97
94
78
82
74
91
86
75
72
81
73
87
61
68
69
62
54
61
48
37
46
47
30
31
35
29
33
34
33
27
32
41
48
51
65
83
109
138
112
130
130
133
93
74
59
45
30
16
20
12
14
16
8
8
2
10
12
9
6
6
9
11
5
3
9
9
10
2
8
10
7
6
7
4
3
230
