0
0
0
0
0
0
0
0
1460
4803
3206
2954
2998
2954
2899
3020
3182
3436
3858
4498
5536
5595
4324
3423
3252
3120
2953
2926
3116
3226
3007
2526
2223
2230
2182
2213
2080
2057
2046
2144
2095
2071
2019
2056
2085
2009
1910
1843
1965
2181
2387
2433
2216
1954
1841
1981
2267
2533
2589
2338
1909
1723
1733
1729
1683
1663
1645
1611
1664
1696
1644
1683
1736
1758
1761
1789
1902
2048
2166
2185
2092
1947
1799
1681
1566
1421
1303
1226
1123
1067
1054
1039
1015
948
894
801
808
976
1451
2328
3244
3816
3853
3138
2160
1285
705
426
356
385
511
849
1387
2070
2684
2958
2822
2322
1627
971
527
273
175
148
135
144
152
127
140
143
142
125
122
123
143
166
177
179
173
163
148
140
136
118
113
119
107
95
94
88
79
77
80
86
83
90
91
86
83
87
86
76
77
76
76
75
74
82
83
75
71
70
72
79
80
77
72
60
68
82
79
81
90
100
113
117
99
93
87
75
77
76
86
81
73
72
75
75
74
65
63
64
59
56
54
46
40
41
41
33
29
31
30
30
31
32
27
29
37
45
47
59
76
99
126
114
120
124
127
102
78
62
48
34
22
17
16
11
13
12
7
6
4
9
11
8
5
5
8
9
4
4
7
8
7
0
