0
0
1714
5595
2781
3107
3080
3060
3023
2989
3314
3621
3971
4435
6253
6323
3960
3406
3398
3237
3066
3091
3267
3505
3136
2565
2440
2263
2252
2125
2208
2111
2140
2086
2124
2062
2075
2072
2195
2092
2020
1816
1937
2271
2604
2478
2350
1986
1821
1910
2303
2663
2726
2332
2016
1757
1756
1686
1798
1741
1599
1735
1695
1669
1680
1791
1745
1785
1862
1858
1988
2062
2248
2316
2182
2069
1888
1686
1734
1503
1384
1239
1195
1094
1093
1062
1098
1055
895
821
848
1104
1596
2486
3298
3941
3952
3222
2253
1256
661
354
304
298
500
872
1402
2163
2848
3241
3047
2476
1616
927
457
271
152
158
147
129
138
156
130
141
142
130
126
142
134
164
185
186
174
161
156
135
148
125
96
120
107
92
95
77
86
82
94
96
69
74
86
83
79
88
87
82
85
89
78
88
91
85
85
71
69
72
76
71
75
65
77
81
92
79
87
96
132
104
87
102
96
73
102
81
76
95
70
68
71
57
83
77
104
56
80
52
72
68
30
52
50
39
35
29
27
32
29
21
29
27
35
40
47
58
72
112
103
124
117
127
135
122
82
84
57
35
37
30
20
19
14
15
8
11
10
14
8
8
12
12
8
7
5
8
12
9
9
7
8
6
8
6
2
2
5
267
