0
0
0
0
0
0
0
0
1364
4767
3130
2950
2983
2960
2928
2932
3156
3466
3811
4453
5528
5669
4415
3450
3258
3144
3014
3008
3150
3285
3038
2571
2365
2211
2176
2063
2128
2047
2064
2025
2042
2005
2002
2021
2079
2034
1931
1830
1909
2178
2404
2402
2229
1976
1817
1898
2203
2510
2566
2281
1969
1731
1694
1638
1733
1685
1557
1662
1642
1618
1633
1705
1702
1728
1780
1821
1902
2010
2137
2194
2123
1995
1834
1691
1624
1490
1345
1225
1153
1077
1054
1033
1055
1024
883
802
815
1037
1490
2282
3065
3665
3744
3197
2322
1426
775
432
310
320
471
796
1285
1927
2573
2978
2947
2495
1774
1074
569
311
178
149
145
130
130
144
133
132
135
130
124
131
133
146
169
178
173
162
152
142
134
130
109
102
110
97
88
84
78
82
83
90
80
69
76
81
79
80
84
83
81
83
81
80
84
86
83
78
69
68
69
71
69
70
64
74
79
87
77
85
96
121
100
88
95
90
80
89
82
78
83
73
66
64
63
71
80
84
72
65
62
63
63
42
43
49
41
35
30
28
28
29
23
24
26
30
35
41
50
61
89
102
109
115
116
124
125
103
79
72
48
33
34
27
19
18
13
13
7
9
10
12
8
7
10
11
9
7
5
6
9
10
8
0
