0
0
0
0
0
0
0
0
1352
4830
3165
3007
3023
2920
2904
2988
3138
3397
3831
4499
5525
5661
4445
3409
3149
3100
3049
3001
3129
3302
3055
2540
2276
2241
2206
2225
2164
2005
2031
2067
2021
2036
1988
2005
2002
1991
1888
1815
1933
2216
2461
2485
2238
1941
1835
1950
2215
2488
2632
2382
1963
1692
1730
1744
1672
1660
1610
1635
1628
1622
1648
1674
1663
1682
1740
1828
1931
2029
2165
2210
2109
1933
1798
1707
1609
1493
1350
1222
1124
1069
1065
1044
1017
930
905
770
809
989
1415
2241
3084
3664
3736
3173
2290
1447
813
465
337
349
498
800
1289
1940
2561
2945
2947
2414
1665
1081
608
324
199
152
144
127
152
147
129
130
134
147
136
133
148
169
179
173
165
167
161
151
135
113
105
99
100
88
85
91
84
93
103
101
92
81
80
74
70
81
84
81
80
79
73
69
72
76
73
77
79
71
74
75
82
70
57
57
72
83
86
88
98
109
113
97
93
90
85
83
83
72
71
78
73
69
72
72
78
79
71
65
63
61
54
54
52
44
39
30
29
33
34
33
31
30
24
31
36
40
58
66
73
90
121
132
124
124
123
110
81
67
51
37
22
24
25
19
9
8
12
8
9
5
8
10
8
9
13
7
5
9
11
9
10
0
