0
0
1698
5675
2809
3173
3121
2993
2998
3101
3258
3503
4057
4484
6239
6266
4097
3290
3265
3187
3175
3033
3247
3534
3159
2532
2321
2320
2277
2306
2233
2062
2106
2148
2076
2127
2029
2094
2054
2103
1931
1825
1954
2340
2604
2670
2291
1932
1851
1990
2316
2599
2817
2463
1986
1708
1801
1808
1725
1716
1662
1696
1683
1674
1709
1743
1710
1737
1805
1882
2037
2049
2325
2290
2221
1937
1858
1755
1659
1543
1374
1250
1147
1094
1108
1075
1050
949
934
777
848
1050
1516
2457
3344
3931
3949
3184
2192
1311
676
403
314
341
539
855
1427
2189
2836
3169
3120
2295
1506
984
487
276
179
148
152
123
173
143
127
140
141
160
129
144
162
186
186
170
173
173
160
157
120
114
101
108
100
80
100
87
90
108
109
100
88
78
88
65
80
93
81
85
83
78
70
72
83
75
77
89
71
79
75
88
76
60
57
75
86
89
92
101
114
122
98
96
94
85
85
94
68
72
90
67
75
74
72
88
82
69
66
67
63
51
61
51
43
40
27
34
38
34
33
31
33
20
42
37
47
73
68
84
107
148
126
131
128
128
87
76
55
44
23
25
26
21
10
9
14
8
11
5
10
12
7
9
19
2
7
13
10
9
13
9
6
7
9
3
5
9
6
223
