0
0
1776
5731
2902
3117
3009
2950
3109
3091
3280
3502
4086
4482
6394
6217
4069
3348
3301
3143
3113
2997
3322
3488
3063
2545
2387
2242
2244
2197
2247
2090
2105
2220
2150
2166
2052
2077
2154
2174
1984
1852
1921
2207
2514
2558
2315
1963
1809
2021
2352
2569
2724
2445
1967
1751
1770
1680
1750
1711
1652
1714
1659
1723
1596
1623
1824
1734
1797
1852
1926
2029
2263
2307
2240
1983
1870
1667
1678
1539
1354
1276
1178
1100
1069
1100
1083
1005
911
799
887
1062
1519
2385
3418
4122
4063
3350
2190
1295
648
361
336
314
487
801
1374
2154
2926
3200
3043
2365
1622
958
432
265
169
150
139
144
133
149
145
143
122
129
131
140
153
183
177
218
140
172
161
159
122
141
108
97
106
96
86
99
86
83
97
83
83
77
81
91
79
86
75
76
95
89
84
72
65
75
66
78
61
73
70
73
70
83
75
76
80
82
90
99
135
104
111
89
117
81
97
77
76
62
80
103
73
92
61
81
81
90
66
64
64
49
48
47
51
41
34
34
18
31
34
33
37
34
35
43
47
49
70
99
102
115
101
135
109
111
97
86
62
50
27
34
16
21
16
10
16
6
7
9
9
10
14
14
8
9
6
9
9
9
4
6
10
9
4
6
5
6
4
229
