0
0
0
0
0
0
0
0
1423
4909
3234
2984
2931
2878
2973
3018
3157
3416
3863
4560
5630
5662
4394
3430
3178
3079
3000
2988
3170
3273
2970
2533
2319
2189
2171
2133
2171
2026
2041
2138
2089
2081
2006
2018
2075
2063
1931
1836
1911
2148
2376
2407
2207
1938
1835
1993
2264
2482
2553
2317
1930
1722
1699
1641
1688
1654
1602
1657
1612
1652
1558
1598
1728
1702
1741
1799
1874
2000
2155
2208
2116
1944
1782
1660
1587
1472
1329
1228
1141
1072
1045
1058
1039
968
877
785
864
1041
1495
2339
3302
3923
3851
3171
2149
1291
694
402
327
345
499
827
1365
2065
2701
2996
2843
2305
1620
986
509
278
181
148
137
137
131
141
141
140
122
122
124
133
146
170
175
195
158
155
159
150
132
126
115
99
96
96
89
88
88
83
86
86
80
77
76
84
81
80
77
73
85
88
84
75
66
68
67
70
65
64
68
69
68
73
77
72
74
77
82
91
107
119
101
101
94
101
82
87
74
70
66
83
88
79
77
68
75
81
78
67
62
57
50
47
46
46
40
34
30
23
27
31
32
34
33
33
39
44
46
64
91
96
108
100
123
111
106
97
87
67
52
34
30
23
17
18
13
11
10
5
6
8
8
10
13
11
7
8
5
8
8
7
4
0
