0
0
1783
5433
2849
3004
2986
2996
3101
3210
3370
3468
4186
4494
6446
6218
4009
3532
3423
3250
3061
2995
3303
3427
2983
2602
2168
2222
2182
2219
2171
2118
2210
2157
2195
2194
1974
2066
2199
2093
1949
1820
2010
2240
2472
2609
2308
1988
1872
2048
2421
2739
2744
2299
1860
1717
1736
1746
1824
1673
1669
1630
1736
1632
1753
1792
1688
1852
1835
1861
1981
2050
2228
2274
2225
1970
1878
1631
1688
1541
1400
1217
1162
1139
1099
1030
1046
1012
966
853
868
1030
1604
2401
3383
3907
3983
3425
2226
1215
618
395
296
350
528
849
1384
2178
2850
3231
2990
2419
1604
926
539
258
191
142
144
154
121
148
143
140
142
110
133
135
147
182
167
231
207
179
164
136
138
101
102
115
103
81
97
72
95
81
80
96
79
84
73
85
69
83
85
78
69
82
77
75
64
80
70
69
80
84
66
67
76
56
72
63
73
92
96
74
106
112
97
115
99
113
77
75
72
53
79
79
86
77
82
72
76
73
68
69
66
48
55
41
44
53
39
35
23
30
34
29
18
29
27
41
40
58
65
70
106
111
121
118
124
118
86
85
64
38
31
26
19
15
17
18
10
9
13
9
11
13
10
7
15
10
7
14
11
12
8
3
8
11
7
3
8
5
9
244
