0
0
0
0
0
0
0
0
1428
4669
3147
2884
2895
2904
2988
3099
3236
3436
3911
4603
5660
5666
4401
3530
3311
3156
2999
2972
3149
3221
2918
2528
2169
2140
2119
2143
2103
2052
2135
2095
2120
2099
1954
2007
2087
2018
1888
1831
1959
2175
2376
2421
2221
1965
1879
2037
2346
2595
2562
2206
1834
1681
1680
1698
1748
1622
1615
1583
1671
1598
1692
1715
1674
1767
1784
1823
1912
2014
2133
2180
2098
1936
1773
1645
1585
1487
1339
1200
1130
1099
1057
1009
1005
977
927
833
848
1015
1576
2357
3260
3747
3778
3215
2168
1242
665
407
317
364
540
866
1390
2066
2678
2982
2833
2313
1614
983
561
301
192
147
139
144
124
139
139
137
136
110
124
129
140
168
168
207
205
180
160
141
128
110
99
104
101
89
84
82
81
84
78
85
83
78
75
77
72
75
80
78
70
74
76
74
66
71
71
68
72
78
72
64
67
63
61
66
65
78
90
86
83
103
104
98
106
98
97
74
72
64
60
74
78
80
76
76
72
71
69
66
65
59
52
48
43
43
46
40
32
26
28
30
28
21
26
28
37
39
53
61
65
97
105
114
115
117
116
91
83
67
45
32
27
21
16
15
16
14
9
9
11
8
10
12
9
9
13
9
8
12
10
10
7
0
