0
0
1781
5622
2895
2994
3042
2979
3062
3071
3305
3535
4078
4507
6434
6251
3976
3505
3399
3131
3078
3056
3284
3438
3031
2433
2288
2182
2234
2175
2229
2131
2193
2150
2230
2166
2051
2006
2150
2122
1903
1841
1950
2203
2454
2632
2349
1794
1880
1889
2351
2737
2673
2415
2002
1738
1719
1773
1773
1680
1741
1670
1726
1673
1760
1717
1798
1767
1839
1917
2016
2012
2204
2305
2210
2077
1875
1752
1711
1466
1409
1262
1110
1109
1026
1046
1091
1013
880
832
887
1074
1522
2367
3396
4050
3991
3313
2224
1267
650
367
289
322
508
840
1448
2213
2898
3229
3077
2384
1586
924
482
267
167
171
169
142
144
138
133
129
136
118
131
141
166
174
182
205
185
173
178
177
144
115
113
100
102
106
100
83
93
98
106
96
80
76
87
81
85
86
71
73
78
77
86
81
84
59
82
78
51
71
71
68
77
55
58
72
78
104
94
90
92
114
125
103
92
91
83
70
81
69
71
71
85
79
79
61
92
70
81
58
74
57
50
51
43
27
21
30
30
26
28
24
26
37
38
40
50
69
65
88
84
114
118
130
130
110
81
77
56
42
36
29
21
18
16
14
6
5
9
11
11
9
6
9
12
7
9
6
8
18
7
14
8
5
5
6
6
5
10
228
