0
0
0
0
0
0
0
0
1424
4801
3218
2879
2931
2898
2942
2992
3164
3433
3859
4557
5639
5684
4410
3504
3268
3091
2987
2998
3145
3233
2936
2444
2227
2128
2153
2108
2151
2066
2114
2089
2140
2092
1998
1970
2043
2018
1878
1816
1912
2122
2349
2439
2220
1887
1799
1916
2249
2559
2555
2320
1964
1711
1668
1710
1713
1627
1679
1622
1660
1632
1685
1678
1719
1727
1776
1854
1924
1986
2104
2182
2133
2000
1838
1716
1617
1465
1350
1228
1104
1063
1008
1011
1044
983
862
809
851
1024
1443
2219
3156
3784
3801
3231
2292
1388
755
424
308
331
488
809
1332
2005
2636
2997
2929
2417
1696
1041
571
309
186
164
165
144
139
135
130
126
128
119
121
132
151
165
173
187
186
174
169
169
151
125
110
103
96
99
99
89
84
91
97
97
85
76
78
81
80
81
76
70
71
74
78
79
80
70
68
76
66
58
67
68
67
68
53
58
70
80
98
90
87
91
111
115
99
90
87
79
71
74
69
67
71
77
78
72
69
76
76
71
65
63
59
50
48
42
30
23
26
29
27
25
25
24
31
34
36
43
59
63
75
82
97
111
118
124
116
93
77
66
49
38
32
26
20
17
15
11
5
4
8
10
10
9
6
7
10
7
7
6
8
12
10
0
