0
0
0
0
0
0
0
0
1448
4753
3216
2990
2947
2957
3016
3049
3114
3420
3865
4496
5552
5591
4338
3446
3242
3121
3004
2994
3149
3273
3029
2572
2318
2227
2199
2145
2134
2008
2068
2124
2071
2059
2023
2016
2079
2014
1895
1819
1933
2194
2377
2404
2241
1971
1847
1971
2256
2524
2565
2274
1905
1670
1638
1750
1687
1651
1677
1603
1603
1668
1691
1685
1641
1735
1788
1799
1871
1980
2094
2100
2047
1919
1759
1637
1552
1473
1323
1212
1104
1071
1074
1080
1067
952
925
874
844
1011
1501
2326
3171
3737
3754
3131
2192
1317
744
449
350
343
482
816
1372
2070
2699
3028
2927
2439
1697
998
562
320
187
140
135
139
140
134
126
123
127
127
126
137
157
168
180
179
182
177
157
132
121
120
112
99
91
100
106
100
95
97
83
82
83
77
77
88
90
84
86
80
75
66
73
71
69
69
73
79
70
62
70
76
75
78
76
68
66
72
75
82
104
101
109
103
89
89
87
78
74
75
67
72
81
84
76
72
78
74
68
70
69
55
45
48
45
39
36
36
39
30
27
28
25
26
35
34
33
43
52
62
80
92
101
114
114
117
108
101
85
62
48
35
24
20
22
15
12
10
5
4
9
11
13
8
11
11
8
10
9
13
9
7
8
0
