0
0
1810
5535
2906
3127
3026
3059
3133
3156
3173
3560
4100
4384
6351
6131
3951
3416
3368
3205
3077
3044
3276
3483
3139
2584
2370
2291
2273
2212
2204
2071
2140
2206
2131
2134
2087
2055
2196
2082
1959
1827
1934
2324
2484
2535
2375
1972
1842
1997
2331
2656
2738
2359
1950
1699
1673
1828
1742
1706
1736
1654
1651
1729
1750
1758
1654
1812
1866
1825
1949
2005
2243
2142
2162
1991
1793
1701
1570
1586
1317
1278
1109
1105
1111
1118
1118
970
957
901
871
1049
1559
2437
3338
3951
3972
3238
2196
1232
693
393
369
296
496
800
1452
2232
2932
3263
3066
2511
1621
888
511
288
167
138
141
145
145
136
129
126
135
129
132
145
170
177
193
182
194
180
157
122
132
118
120
88
99
107
118
87
110
95
78
92
80
79
82
100
89
84
93
76
78
62
86
66
77
67
85
80
62
67
83
75
81
82
72
68
74
78
77
108
103
113
111
92
91
95
81
75
83
67
72
86
89
82
65
90
77
66
74
78
57
36
61
42
41
37
38
45
27
29
30
24
28
40
34
34
49
56
69
89
100
108
124
113
127
102
107
73
58
44
28
19
26
17
13
12
6
3
10
12
16
8
12
12
8
12
8
16
9
7
9
14
9
8
5
7
5
8
9
214
