0
0
1736
5667
2789
2967
3047
3059
3033
3227
3310
3495
4029
4360
6296
6284
3889
3445
3306
3159
3076
3033
3334
3423
3164
2587
2373
2254
2268
2210
2219
2156
2121
2100
2117
1996
2011
2079
2060
2161
1981
1797
1990
2293
2616
2609
2322
1907
1870
2012
2445
2762
2670
2422
1897
1657
1669
1772
1784
1740
1695
1638
1698
1689
1783
1720
1806
1750
1790
1837
1925
2054
2323
2347
2180
2074
1885
1711
1722
1554
1415
1224
1107
1122
1062
1043
1068
1030
940
812
876
1050
1565
2397
3307
3891
4038
3234
2274
1164
657
392
291
358
480
827
1422
2178
3012
3147
3102
2438
1649
918
516
277
187
118
153
146
127
132
145
111
141
132
150
130
165
168
203
163
196
174
142
140
135
141
103
101
94
103
104
97
92
86
83
82
96
75
76
86
70
79
82
79
69
69
85
82
85
73
81
82
62
66
75
66
76
73
78
76
82
90
79
88
112
110
103
100
88
92
88
80
82
82
75
83
82
77
90
87
66
57
74
66
62
40
41
53
36
45
39
21
24
27
30
23
24
38
43
40
53
53
65
109
97
122
135
125
149
113
99
74
63
36
42
22
18
19
20
17
8
11
9
8
10
15
7
14
12
9
11
8
10
8
12
13
9
6
8
12
3
6
7
274
