0
0
0
0
0
0
0
0
1389
4833
3140
2841
2933
2955
2955
3083
3203
3407
3802
4450
5539
5643
4361
3431
3210
3081
2990
2995
3168
3254
3037
2580
2318
2197
2189
2142
2144
2088
2054
2034
2035
1951
1950
1994
2013
2036
1920
1820
1945
2217
2450
2461
2222
1935
1848
2005
2338
2593
2556
2301
1877
1632
1622
1706
1723
1684
1640
1590
1636
1644
1705
1684
1724
1709
1731
1784
1869
2015
2188
2227
2125
1990
1830
1699
1628
1513
1363
1204
1096
1073
1035
1014
1027
996
913
792
843
1007
1490
2269
3110
3679
3789
3175
2258
1314
721
433
321
348
490
804
1332
2026
2686
2996
2912
2437
1722
1040
581
321
199
130
140
144
127
125
136
115
128
130
139
131
148
161
183
173
175
174
150
137
133
130
116
98
94
94
99
97
92
87
82
80
86
82
73
78
74
72
76
78
72
67
74
80
81
76
75
77
71
61
65
68
67
73
71
75
74
80
85
78
90
108
105
99
95
86
88
84
79
78
78
75
78
79
78
83
80
66
60
65
65
57
44
40
45
40
40
37
25
22
25
28
24
22
32
39
40
47
50
58
90
96
109
124
125
133
124
102
84
66
49
36
32
20
17
18
19
14
7
10
8
7
10
13
8
12
12
9
9
8
8
8
9
0
