0
0
0
0
0
0
0
0
1389
4825
3156
2946
3013
2972
3001
3032
3198
3455
3912
4602
5667
5665
4399
3471
3203
3077
2988
2976
3138
3228
3013
2489
2205
2170
2191
2208
2133
2041
2009
2031
2038
2113
1996
2020
2031
2044
1942
1863
1946
2154
2376
2404
2180
1919
1825
1961
2249
2484
2525
2266
1919
1730
1649
1642
1706
1616
1680
1687
1598
1599
1632
1627
1672
1767
1790
1826
1899
2003
2146
2209
2162
2014
1820
1687
1581
1451
1304
1173
1113
1069
1054
1030
1018
962
936
834
846
1000
1477
2274
3213
3802
3841
3203
2213
1310
712
436
338
368
533
845
1346
2025
2652
2979
2849
2304
1628
991
541
305
193
167
153
132
137
140
124
142
129
135
115
149
171
171
169
176
173
166
162
158
145
117
99
98
98
97
90
89
82
84
92
81
81
91
91
86
88
93
84
74
73
75
70
68
71
78
78
73
68
70
71
62
61
63
72
82
80
71
77
92
104
116
100
97
109
89
87
79
77
78
72
73
74
73
81
88
90
83
72
74
73
57
54
56
47
40
35
36
33
30
30
21
18
23
32
26
32
41
43
69
70
88
113
112
119
109
108
101
80
60
47
34
25
19
14
11
12
10
10
13
8
12
11
8
6
4
6
12
11
7
6
8
10
0
