0
0
1735
5638
2825
3088
3122
3053
3119
3102
3346
3524
4168
4500
6499
6157
4063
3429
3308
3144
3091
2995
3299
3392
3168
2477
2242
2241
2266
2286
2201
2106
2074
2102
2093
2226
2017
2109
2077
2162
1997
1871
1990
2202
2513
2580
2251
1937
1825
1973
2345
2596
2690
2363
1952
1778
1696
1690
1774
1666
1736
1750
1646
1649
1694
1673
1710
1851
1844
1871
1970
2030
2256
2307
2255
2124
1834
1750
1641
1504
1353
1182
1158
1094
1094
1060
1060
987
974
856
875
1035
1525
2355
3380
4004
4069
3337
2227
1250
637
416
317
357
530
862
1352
2195
2854
3220
3024
2312
1613
904
480
280
175
174
154
133
145
143
126
152
130
143
112
165
182
175
175
187
175
170
166
163
150
102
105
97
110
94
90
100
68
104
89
79
89
100
89
87
95
100
78
73
79
78
68
73
76
87
75
76
64
84
66
61
64
70
85
86
74
73
94
102
125
106
94
120
92
91
81
79
84
73
76
79
72
83
93
93
93
69
72
93
46
60
61
47
40
35
41
32
33
32
19
20
26
36
25
36
46
46
79
70
98
125
112
130
104
117
97
74
54
44
28
22
16
12
14
11
10
16
9
13
12
9
7
5
5
13
13
7
7
9
12
11
7
5
6
6
10
7
9
245
