0
0
1781
5655
2921
3077
3013
2969
2962
3085
3240
3512
4096
4415
6357
6146
3939
3399
3301
3212
3060
3135
3356
3434
3101
2510
2313
2226
2268
2236
2110
2113
2110
2179
2170
2113
2029
2083
2165
2080
2025
1845
2030
2197
2626
2607
2368
1885
1802
1967
2432
2726
2869
2377
1914
1740
1660
1800
1745
1780
1648
1714
1669
1720
1667
1743
1769
1801
1806
1873
1937
2009
2360
2306
2229
2052
1899
1769
1637
1531
1245
1241
1119
1098
1120
1138
1042
1011
873
858
876
1049
1549
2406
3271
3962
3991
3228
2212
1303
629
405
279
346
499
781
1444
2218
2917
3307
3130
2435
1538
905
506
291
164
158
133
126
136
144
144
141
138
122
144
126
159
149
221
212
181
196
168
140
124
119
102
109
99
83
102
77
86
74
90
78
98
89
86
98
79
78
89
86
77
68
67
72
77
73
93
71
69
84
86
92
73
81
64
85
99
85
93
86
110
109
89
88
81
87
95
92
92
83
86
80
61
89
55
86
89
74
75
61
56
49
45
40
32
39
34
30
25
26
26
37
29
36
39
40
40
51
87
77
111
94
105
138
125
125
78
57
60
42
26
21
20
15
10
7
14
9
6
12
14
7
7
9
12
5
13
16
14
7
4
4
11
4
4
4
6
8
10
220
