0
0
0
0
0
0
0
0
1424
4828
3244
2949
2924
2880
2876
2969
3126
3405
3847
4499
5550
5606
4347
3423
3204
3103
3012
3048
3203
3257
2993
2513
2260
2166
2187
2165
2048
2042
2043
2098
2095
2043
1983
2015
2062
2021
1936
1863
1951
2175
2428
2474
2245
1922
1795
1956
2307
2601
2669
2316
1897
1696
1623
1727
1690
1719
1600
1650
1622
1651
1628
1675
1709
1735
1756
1807
1871
1996
2182
2228
2139
1998
1849
1717
1596
1455
1268
1182
1104
1068
1079
1089
1019
977
856
831
844
999
1457
2240
3058
3696
3772
3182
2276
1410
764
438
318
337
479
772
1306
2002
2652
3049
2993
2462
1689
1023
586
332
190
154
135
124
128
136
138
138
135
123
131
127
142
149
185
207
189
181
172
147
127
116
107
100
100
89
87
87
78
77
78
82
85
90
86
88
85
78
80
83
79
71
66
65
70
71
78
79
70
70
80
83
84
72
75
66
84
93
82
89
86
105
103
87
85
79
84
89
89
87
83
82
75
69
71
68
75
82
76
69
62
55
49
44
39
34
35
34
30
26
24
25
31
31
32
35
36
37
45
70
77
92
96
97
117
126
120
101
67
56
51
35
24
20
18
14
9
7
13
8
6
10
11
7
6
7
9
7
11
14
13
8
5
0
