0
0
1744
5781
2899
3048
2999
3080
3004
3069
3198
3627
4061
4327
6410
6188
3995
3398
3314
3221
3070
2952
3319
3531
3139
2558
2278
2306
2238
2214
2142
2169
2119
2177
2206
2019
2041
2047
2106
2052
1963
1919
1930
2226
2521
2588
2301
2043
1915
1882
2413
2629
2666
2415
1935
1744
1757
1791
1695
1740
1658
1686
1711
1711
1658
1727
1729
1831
1855
1826
1959
2008
2239
2265
2206
2044
1792
1824
1690
1498
1357
1270
1134
1057
1084
1105
1044
1003
922
812
872
1051
1539
2409
3367
3908
4007
3202
2266
1288
663
360
295
343
525
826
1394
2229
2916
3241
3084
2412
1704
996
532
247
202
156
115
151
146
138
137
139
128
131
117
141
140
164
197
177
159
187
144
146
151
118
106
100
110
103
99
89
93
73
103
99
72
97
90
90
86
96
83
91
82
91
74
88
67
79
74
85
71
68
80
68
76
76
84
85
84
79
116
104
117
102
97
108
118
92
72
84
70
75
76
89
67
78
66
85
71
72
68
82
63
55
51
48
36
38
28
35
25
30
19
22
29
28
22
37
58
55
73
99
88
120
115
133
121
131
80
74
59
41
37
32
26
14
14
6
10
9
8
5
5
9
7
16
9
9
12
1
11
10
5
9
6
12
9
7
7
1
7
234
