0
0
0
0
0
0
0
0
1395
4924
3245
2922
2911
2957
2927
2964
3112
3453
3847
4453
5559
5650
4383
3441
3212
3114
2989
2945
3155
3313
3040
2548
2248
2222
2170
2143
2076
2095
2055
2099
2113
1985
1969
1986
2016
1980
1911
1869
1925
2143
2378
2424
2240
2011
1875
1933
2261
2505
2532
2309
1918
1711
1700
1724
1645
1680
1607
1628
1651
1650
1619
1658
1686
1753
1783
1797
1872
1977
2111
2171
2114
1965
1803
1729
1630
1469
1330
1226
1114
1040
1045
1059
1015
973
898
795
837
1001
1453
2249
3128
3681
3767
3171
2295
1416
769
426
313
346
499
797
1302
1996
2649
3009
2942
2451
1782
1124
621
311
205
161
121
137
143
136
134
133
127
126
118
128
136
149
176
177
162
166
158
139
141
129
109
101
100
103
98
91
86
81
84
98
83
82
90
88
86
87
86
84
83
83
80
78
75
71
73
75
76
68
68
72
68
73
74
81
82
81
83
111
102
111
98
95
104
107
88
74
76
71
70
75
78
72
70
70
73
72
68
69
71
65
55
51
46
38
34
30
31
27
27
22
19
25
27
24
30
48
53
63
85
87
102
113
119
121
120
104
75
66
51
38
34
29
22
13
11
5
9
8
7
5
4
7
8
13
10
8
8
4
7
9
6
0
