0
0
0
0
0
0
0
0
1395
4845
3176
2925
2885
2855
2976
3067
3189
3480
3880
4566
5556
5586
4382
3458
3256
3143
3009
2983
3115
3255
3033
2615
2259
2265
2196
2124
2100
2086
2083
2085
2090
1971
1944
1973
2015
1997
1910
1848
1933
2192
2449
2488
2269
1957
1856
2004
2247
2536
2546
2246
1887
1703
1664
1666
1654
1660
1640
1693
1644
1637
1669
1688
1667
1704
1739
1775
1854
2003
2192
2262
2181
2011
1826
1703
1633
1484
1322
1202
1128
1075
1036
1029
991
939
856
814
760
985
1453
2174
3109
3738
3808
3229
2349
1428
761
439
323
335
480
794
1293
1944
2596
2984
2919
2434
1730
1006
545
306
193
152
145
129
124
129
127
124
123
117
119
140
157
151
166
179
173
173
170
152
140
129
113
99
93
101
101
92
86
82
95
90
72
77
79
75
75
81
86
83
76
73
73
74
81
78
69
74
75
67
66
70
66
67
62
70
68
83
80
87
89
97
113
102
89
93
94
93
84
68
65
67
77
87
87
79
74
75
76
70
62
61
49
41
44
46
41
33
32
33
30
22
20
23
20
25
28
38
46
59
81
95
110
122
124
125
118
97
80
63
45
38
29
24
24
13
15
19
11
12
5
8
9
9
9
10
8
11
12
9
9
8
6
0
