0
0
1744
5684
2832
3065
2965
2935
3116
3178
3277
3644
4034
4605
6268
6127
4027
3379
3412
3224
3076
3048
3228
3474
3123
2663
2265
2362
2263
2192
2170
2157
2154
2157
2179
2012
2006
2037
2103
2082
1967
1872
1950
2274
2621
2630
2389
1921
1855
2086
2286
2717
2688
2318
1912
1741
1718
1724
1710
1719
1693
1759
1693
1689
1730
1759
1702
1773
1802
1824
1915
2040
2341
2363
2279
2065
1869
1716
1742
1505
1354
1223
1160
1106
1064
1070
1021
966
876
838
779
1043
1547
2314
3360
3993
4031
3266
2328
1274
641
395
296
336
483
854
1391
2149
2870
3233
3039
2414
1634
834
476
262
179
150
149
128
129
136
129
127
129
116
129
154
168
150
188
183
174
186
170
146
144
126
111
91
103
110
98
93
85
84
113
74
73
88
77
76
80
90
92
80
73
79
72
83
89
68
73
84
70
66
77
67
72
63
73
68
86
82
90
93
99
120
108
90
99
97
98
92
64
70
65
82
93
95
76
78
75
86
69
60
72
42
43
48
50
41
32
35
34
29
20
23
26
19
30
32
46
51
70
95
103
123
133
126
133
111
87
77
48
43
31
24
29
14
15
22
12
14
6
10
11
9
11
12
8
14
12
9
11
8
6
9
8
8
13
12
8
8
3
269
