0
0
0
0
0
0
0
0
1341
4957
3231
2883
2869
2891
2922
3010
3176
3478
3834
4459
5486
5592
4422
3493
3289
3207
3086
3046
3204
3306
3049
2598
2251
2176
2173
2150
2185
2042
2053
2041
2036
2009
2019
2010
2110
2029
1857
1790
1901
2158
2414
2459
2237
1956
1832
1978
2289
2545
2547
2291
1892
1636
1638
1712
1716
1687
1725
1606
1653
1632
1666
1677
1729
1763
1774
1785
1901
2027
2117
2150
2104
1978
1787
1652
1560
1448
1344
1234
1144
1042
1046
993
1059
943
880
820
861
985
1511
2243
3128
3745
3839
3201
2217
1348
737
431
331
362
498
787
1309
1978
2588
2979
2923
2396
1680
1040
569
302
197
167
146
141
138
122
142
118
123
145
152
144
157
167
177
188
188
170
164
155
135
121
113
111
99
81
85
85
79
77
78
86
84
79
82
78
73
78
73
77
84
86
85
70
74
80
74
61
58
63
66
67
62
59
60
65
81
79
78
95
87
93
104
111
101
87
91
85
65
73
71
75
73
76
78
75
74
74
67
58
57
59
54
48
41
39
33
33
32
25
21
20
34
23
25
27
28
36
52
67
84
91
100
115
140
136
116
104
86
62
47
35
26
20
12
16
12
10
14
6
13
14
11
12
11
14
11
10
8
9
10
6
5
0
