0
0
1676
5815
2873
3002
2956
2998
3016
3121
3277
3647
3989
4433
6192
6164
4097
3404
3433
3303
3173
3076
3355
3507
3149
2633
2272
2245
2249
2219
2262
2104
2124
2108
2108
2067
2104
2029
2250
2112
1883
1808
1923
2237
2552
2648
2298
1993
1802
2014
2376
2698
2680
2398
1926
1653
1690
1777
1774
1743
1787
1651
1717
1678
1732
1723
1794
1826
1848
1796
1981
2103
2199
2258
2168
2103
1787
1706
1624
1479
1402
1254
1198
1036
1110
994
1127
960
907
844
895
1024
1588
2355
3323
3967
4081
3292
2170
1280
637
396
306
369
504
779
1398
2170
2776
3253
3081
2397
1596
955
487
261
186
170
145
147
140
121
154
113
133
156
160
144
171
175
186
201
193
163
180
148
135
120
110
126
83
84
95
82
80
79
85
95
81
85
88
75
77
87
67
89
88
91
84
61
90
79
71
52
66
70
72
64
62
63
61
84
83
75
101
90
95
106
116
108
87
96
99
59
82
69
83
72
82
82
75
80
76
75
52
64
61
54
51
37
48
28
39
33
23
21
20
41
19
29
29
31
42
60
75
94
98
108
127
157
129
112
103
77
52
44
27
27
11
18
14
8
19
5
14
15
12
13
11
17
11
11
8
10
13
5
7
9
10
17
10
8
7
3
8
233
