0
0
0
0
0
0
0
0
1385
4796
3155
2884
2845
2895
2964
3009
3201
3418
3793
4465
5583
5672
4361
3440
3234
3113
3045
3042
3137
3220
2958
2530
2279
2193
2114
2187
2104
2154
2094
2101
2136
1982
1943
2007
2065
2012
1912
1834
1923
2148
2413
2517
2309
1980
1834
1977
2290
2584
2534
2247
1929
1725
1670
1669
1697
1681
1658
1594
1552
1579
1597
1662
1693
1757
1803
1814
1872
2044
2188
2232
2162
1963
1760
1647
1566
1457
1339
1234
1110
1045
1036
1058
994
993
892
806
782
1011
1449
2226
3200
3905
3858
3224
2244
1364
755
428
319
354
490
795
1317
2018
2700
3061
2933
2419
1686
1023
575
317
196
156
144
126
156
134
126
131
140
128
113
132
148
163
178
174
173
164
148
133
113
108
117
112
100
89
88
92
90
92
81
78
83
87
88
88
71
70
73
82
79
75
71
70
67
66
74
83
84
70
61
63
68
59
63
60
66
74
92
93
95
105
106
103
97
89
102
86
85
71
67
74
77
75
77
80
74
69
66
65
61
55
54
54
51
42
40
43
29
23
25
18
18
21
29
35
41
48
56
60
74
91
105
117
110
107
128
114
81
60
42
29
19
14
18
15
16
16
14
11
16
11
14
9
9
11
8
7
6
5
6
6
8
0
