0
0
1731
5605
2818
3015
2920
3008
3083
3077
3371
3492
4004
4383
6359
6316
3863
3464
3334
3185
3138
3118
3245
3428
3049
2551
2326
2266
2171
2270
2169
2230
2159
2170
2236
2019
1992
2077
2169
2075
1992
1825
1974
2201
2532
2725
2407
1989
1803
2023
2347
2783
2656
2325
1971
1762
1723
1725
1757
1737
1714
1646
1599
1638
1641
1732
1738
1825
1874
1878
1881
2137
2297
2318
2293
2017
1778
1699
1627
1508
1369
1288
1124
1071
1064
1112
1014
1037
915
828
807
1057
1516
2338
3401
4182
4045
3333
2195
1283
675
375
295
369
474
821
1379
2202
2959
3327
3037
2465
1578
929
505
278
180
156
146
126
171
131
129
139
148
127
112
147
157
174
192
172
186
160
152
132
102
120
125
109
101
81
104
85
102
89
79
84
89
93
89
93
59
83
72
95
73
79
70
76
64
74
84
92
79
64
60
79
59
67
61
69
70
96
97
96
109
110
107
105
83
115
84
96
72
66
80
81
76
79
89
73
74
65
72
61
54
58
54
56
38
42
51
23
25
28
16
20
23
34
39
46
52
61
65
84
102
114
127
104
114
147
94
74
52
35
23
13
19
16
17
17
16
10
18
12
16
10
10
13
8
8
6
6
8
6
11
12
6
8
7
11
7
4
1
266
